604 10
0 1 3.32751e-104 7.2477e-135 9.21328e-31 1.10525e-24 4.81809e-38 3.97844e-44 1.1029e-188 1.55041e-10 1.43719e-116 
1 8.58735e-33 1.39138e-55 8.44865e-81 1.98117e-07 2.25137e-85 4.15812e-22 0.0786527 4.90721e-38 0.921347 1.03372e-27 
2 8.58373e-33 1.47336e-55 7.05758e-81 1.47944e-07 2.50937e-85 3.68082e-22 0.0786185 5.23941e-38 0.921381 1.05848e-27 
3 1 3.20302e-64 1.96672e-25 7.36698e-74 7.95024e-92 2.11051e-111 6.42613e-75 4.456e-144 1.49385e-123 2.0079e-97 
4 1 4.67044e-64 1.54597e-25 5.5588e-74 4.28655e-92 1.44239e-111 3.87109e-75 3.87771e-144 9.82419e-124 2.10437e-97 
5 8.17452e-32 1.16872e-84 9.33241e-26 5.43514e-30 1.21688e-52 1.72934e-25 7.74305e-22 1.73953e-44 1 4.56256e-26 
6 6.29148e-32 8.75909e-85 7.19775e-26 4.6446e-30 9.53427e-53 1.68616e-25 6.20839e-22 1.56914e-44 1 5.09358e-26 
7 1 6.04995e-13 1.16864e-132 8.43529e-31 9.31256e-19 5.14488e-25 3.4385e-36 1.02303e-132 8.7902e-107 1.65946e-20 
8 2.08942e-31 2.57424e-83 3.1991e-33 4.50757e-28 3.735e-50 1.08146e-38 2.47311e-20 2.20569e-43 1 2.67498e-24 
9 0.946565 9.94098e-08 3.38512e-121 0.00178354 5.70981e-21 1.72791e-17 0.051651 3.04336e-21 1.05653e-13 4.22774e-77 
10 1 1.5991e-64 1.13345e-25 6.02155e-74 5.76518e-92 1.24927e-111 3.19989e-75 1.46189e-144 8.07112e-124 1.54524e-97 
11 9.28568e-18 2.03653e-17 6.80778e-19 1.17549e-05 2.51617e-38 4.77106e-24 0.999988 3.12239e-11 2.44904e-22 5.79067e-35 
12 2.22957e-62 0.522365 8.81196e-128 0.464866 3.43745e-27 2.80811e-36 1.02731e-10 0.0127694 1.5548e-84 2.56873e-70 
13 1.60823e-62 0.522368 9.86658e-128 0.464899 3.38566e-27 2.45767e-36 1.20822e-10 0.0127336 1.55852e-84 2.24285e-70 
14 1.41142e-63 2.90356e-48 3.07955e-27 4.1909e-08 2.8488e-36 1.15503e-09 1 3.30671e-149 1.09729e-10 8.79192e-93 
15 5.73996e-11 7.99652e-44 4.19605e-34 6.11162e-15 6.1081e-21 1.37195e-37 4.15632e-12 1.93595e-42 1 7.04602e-20 
16 1.45343e-63 2.47553e-48 3.20181e-27 4.64989e-08 2.88199e-36 8.8628e-10 1 3.33137e-149 1.03342e-10 8.65004e-93 
17 1.29092e-66 2.51493e-14 1.71591e-130 0.999451 6.8139e-28 0.000548663 3.35516e-27 2.77116e-141 1.43011e-62 1.48041e-67 
18 1.21709e-66 2.33907e-14 1.79857e-130 0.99947 6.89349e-28 0.000529966 3.1638e-27 2.60716e-141 1.32219e-62 1.15767e-67 
19 5.12292e-81 6.86669e-101 3.61285e-112 1 1.96594e-27 1.43428e-22 1.57072e-35 7.13427e-143 5.9357e-80 2.29604e-73 
20 4.86402e-81 7.23512e-101 3.12762e-112 1 1.6402e-27 1.19669e-22 1.10508e-35 7.47847e-143 5.44465e-80 2.63089e-73 
21 2.71841e-23 2.10239e-59 2.47915e-38 2.77579e-07 1.04635e-81 1.87347e-05 0.999981 4.40587e-20 1.12458e-34 6.92667e-72 
22 3.20355e-81 6.69795e-101 3.80043e-112 1 1.38558e-27 1.39706e-22 1.13842e-35 6.88632e-143 4.63073e-80 2.6893e-73 
23 3.93272e-81 7.03556e-101 3.42253e-112 1 1.39153e-27 8.50145e-23 1.26661e-35 6.37149e-143 4.54932e-80 2.5197e-73 
24 4.11473e-81 6.76755e-101 3.58489e-112 1 1.4768e-27 1.29212e-22 1.28547e-35 7.24415e-143 4.64475e-80 2.04794e-73 
25 1.23607e-27 2.59346e-16 4.71592e-35 1.066e-08 1.29228e-66 1.47746e-30 1 7.38312e-154 3.7231e-36 2.96976e-39 
26 1 7.01428e-20 3.13774e-07 5.07938e-31 1.56711e-24 1.8478e-07 1.23434e-18 4.25794e-20 1.02251e-15 2.62877e-42 
27 2.13768e-63 7.12925e-91 1.29322e-126 1 1.2966e-24 4.13513e-45 2.63161e-26 2.17476e-13 2.67388e-88 5.58278e-71 
28 4.06678e-28 3.19017e-26 2.92974e-17 8.33871e-16 3.13702e-32 1.56559e-14 1 2.86189e-44 4.14878e-10 3.21904e-26 
29 1.00088e-22 2.23221e-54 3.98694e-24 2.17396e-07 6.58618e-54 3.4573e-26 1 1.26095e-156 2.8704e-11 5.29337e-24 
30 8.3284e-25 4.39556e-46 2.24684e-36 4.43459e-19 2.50509e-23 2.2281e-39 7.58165e-19 2.6796e-44 1 3.53797e-24 
31 6.03846e-25 4.43932e-46 2.62898e-36 5.36716e-19 2.13599e-23 2.2196e-39 8.09041e-19 2.38283e-44 1 4.40795e-24 
32 4.84394e-14 1.83873e-30 2.57497e-33 3.6644e-08 4.48897e-34 0.474937 0.525063 2.57369e-22 2.56598e-12 3.36003e-19 
33 2.63236e-68 6.7313e-87 2.82953e-124 1.94522e-43 3.74696e-99 4.89783e-39 8.44045e-70 4.94406e-143 1 6.867e-107 
34 3.59769e-68 7.56365e-87 4.36907e-124 9.23629e-44 7.65007e-99 4.84677e-39 7.77724e-70 4.78e-143 1 6.81684e-107 
35 1 2.65056e-104 5.39917e-135 7.00026e-31 9.60667e-25 5.16223e-38 3.94666e-44 1.25907e-188 1.33726e-10 1.00015e-116 
36 1 4.73043e-13 1.13986e-132 8.58375e-31 9.32508e-19 5.69973e-25 4.75911e-36 1.20095e-132 7.44171e-107 1.85589e-20 
37 6.13179e-25 6.45759e-119 6.54303e-136 1.30103e-31 1.66713e-39 1.39807e-52 1 3.73199e-154 5.2168e-83 2.84728e-22 
38 6.9895e-52 9.09613e-37 1.55252e-102 1.08951e-16 1.42801e-44 9.84429e-22 1.3528e-23 2.14066e-35 1.456e-18 1 
39 1.05416e-40 1.18008e-63 3.40466e-39 2.15855e-52 3.51365e-66 2.2809e-25 1.03074e-37 4.72306e-201 1 9.70693e-48 
40 1.93033e-63 6.35898e-91 1.31384e-126 1 1.26369e-24 4.36035e-45 3.11895e-26 2.49155e-13 2.73287e-88 6.66758e-71 
41 1 3.92915e-123 2.72775e-106 5.6696e-89 7.6905e-20 8.56868e-20 2.46009e-10 5.41418e-53 1.63951e-12 9.5944e-27 
42 1.75995e-63 7.51439e-91 1.15599e-126 1 1.19773e-24 4.18419e-45 2.527e-26 2.52784e-13 2.47348e-88 6.85153e-71 
43 1.78909e-63 6.10739e-91 1.12929e-126 1 9.13613e-25 4.72075e-45 2.41568e-26 1.96082e-13 3.19578e-88 5.22797e-71 
44 9.73168e-42 1.43639e-64 3.36851e-40 3.41445e-53 7.601e-67 2.20338e-26 5.2419e-34 3.58844e-201 1 2.50781e-48 
45 5.28679e-25 4.01052e-119 5.75116e-136 1.55051e-31 1.34343e-39 9.61461e-53 1 3.19396e-154 6.03663e-83 3.00139e-22 
46 4.33043e-25 3.97449e-119 4.55852e-136 8.78964e-32 9.52085e-40 9.58332e-53 1 2.85109e-154 4.33217e-83 2.20111e-22 
47 4.74707e-41 1 5.79868e-131 9.28631e-13 4.32143e-63 5.66274e-36 9.66166e-22 3.44016e-157 2.46561e-27 6.42779e-116 
48 5.11403e-41 1 6.76505e-131 6.66805e-13 4.16091e-63 5.57194e-36 1.06763e-21 3.81394e-157 2.2312e-27 7.05858e-116 
49 4.61485e-25 3.55602e-119 4.22055e-136 9.70365e-32 1.19611e-39 1.09904e-52 1 3.19006e-154 5.65363e-83 1.76751e-22 
50 5.33575e-16 3.2431e-13 1.84518e-142 3.21906e-89 1.51958e-45 1 4.12071e-23 1.41472e-158 3.13338e-127 8.38059e-44 
51 8.79385e-16 3.35352e-13 1.96495e-142 3.75655e-89 1.93672e-45 1 4.29012e-23 1.71156e-158 3.36639e-127 6.70121e-44 
52 6.78457e-68 9.86819e-16 2.48425e-30 1.35368e-22 1.26162e-33 1 1.34538e-12 5.24707e-54 2.2912e-15 3.5241e-34 
53 1 3.55803e-15 3.06669e-132 1.66615e-45 5.63397e-15 6.72163e-12 2.74472e-32 4.10949e-63 3.90652e-39 2.07357e-36 
54 9.40157e-38 1.68356e-35 1.60447e-115 9.53911e-88 5.59935e-28 1 3.93517e-32 1.12294e-104 3.89648e-28 5.55551e-61 
55 2.58744e-47 2.89141e-52 4.49692e-35 1.81575e-20 4.81443e-24 5.04595e-59 1 1.76616e-23 4.24422e-21 1.03092e-26 
56 7.90737e-41 8.49239e-52 1.65052e-40 6.72841e-23 3.34425e-20 4.88914e-25 1 6.38385e-146 9.53017e-41 3.0046e-35 
57 2.71352e-64 3.9161e-35 1.99419e-102 3.89789e-87 1.90092e-26 1 2.50116e-49 9.32569e-114 2.01704e-46 2.85668e-38 
58 9.48263e-30 1.94235e-64 4.89559e-34 9.0072e-21 2.96649e-46 4.26886e-41 2.84753e-23 8.53972e-54 1 9.88521e-29 
59 2.82639e-47 2.76577e-52 3.32487e-35 1.34614e-20 4.73281e-24 5.24421e-59 1 1.77792e-23 3.85867e-21 9.87487e-27 
60 3.26143e-47 2.87952e-52 4.72309e-35 1.82363e-20 4.50604e-24 5.28195e-59 1 2.27723e-23 3.89945e-21 9.66698e-27 
61 3.71477e-48 6.44929e-52 1.82993e-40 6.4803e-23 4.12528e-20 1.08682e-26 1 4.85679e-147 1.11256e-32 2.90042e-35 
62 3.73045e-64 3.32012e-35 2.56328e-102 6.1841e-87 2.26535e-26 1 4.04303e-49 1.26856e-113 2.25448e-46 3.4986e-38 
63 3.37856e-64 3.64644e-35 2.14548e-102 4.80348e-87 2.21818e-26 1 2.02494e-49 1.11714e-113 2.47855e-46 2.277e-38 
64 3.72321e-48 7.90767e-52 1.81135e-40 6.62385e-23 3.95111e-20 1.10292e-26 1 4.9408e-147 1.33965e-32 2.61148e-35 
65 9.75499e-104 8.74301e-159 3.527e-137 1 5.34213e-122 1.07512e-122 2.34152e-72 8.48511e-199 1.47335e-127 1.12347e-136 
66 9.14206e-104 1.14456e-158 4.75112e-137 1 8.9425e-122 1.85799e-122 2.6321e-72 1.04908e-198 2.68105e-127 1.70823e-136 
67 1.44957e-27 3.48306e-16 4.9288e-35 1.29795e-08 1.08245e-66 1.76e-30 1 8.24841e-154 4.2707e-36 5.19658e-39 
68 4.7794e-25 1.42276e-34 5.80965e-20 7.4982e-17 1.57371e-25 1 1.96786e-10 4.02966e-119 9.83415e-22 1.71972e-55 
69 5.25323e-25 1.43857e-34 5.53627e-20 6.14527e-17 2.06203e-25 1 2.06878e-10 4.34383e-119 9.00038e-22 1.51501e-55 
70 4.20404e-60 4.02611e-62 1.10319e-96 2.7695e-80 2.04666e-23 1 2.28516e-30 8.3561e-110 1.78872e-25 1.29645e-33 
71 3.87369e-60 2.88729e-62 1.05637e-96 3.94186e-80 1.94028e-23 1 2.0572e-30 9.17336e-110 2.13254e-25 1.23139e-33 
72 2.72337e-40 6.58285e-63 1.86405e-38 1.14154e-51 2.44505e-65 8.95648e-25 6.17303e-33 3.9715e-200 1 5.9555e-47 
73 2.97879e-40 5.04674e-63 1.40322e-38 1.03352e-51 2.18847e-65 9.3979e-25 5.6125e-33 4.59316e-200 1 5.8535e-47 
74 9.19855e-75 6.01409e-48 4.9151e-56 9.52716e-14 3.8189e-27 1.94629e-46 1 2.4127e-28 4.5302e-72 2.62757e-35 
75 9.0999e-75 4.20365e-48 3.33473e-56 8.76038e-14 3.17075e-27 1.89131e-46 1 2.23482e-28 4.04076e-72 1.86998e-35 
76 6.5581e-48 2.22259e-52 2.33695e-35 9.33908e-21 1.13747e-25 4.73415e-62 1 8.64738e-24 2.28792e-21 5.47139e-27 
77 2.83272e-23 1.63733e-59 2.57784e-38 3.21311e-07 1.11474e-81 1.87488e-05 0.999981 5.25578e-20 8.9232e-35 5.23534e-72 
78 3.59797e-64 3.84985e-35 2.67169e-102 3.89913e-87 1.90137e-26 1 3.29943e-49 8.94567e-114 2.29394e-46 2.0342e-38 
79 2.33393e-64 3.07943e-35 1.74573e-102 3.85598e-87 1.74061e-26 1 2.17832e-49 9.44078e-114 1.93475e-46 2.00364e-38 
80 1.43758e-24 5.55832e-09 1.36478e-14 0.999579 6.16156e-76 2.68126e-42 1.22623e-06 1.72361e-24 0.000420195 4.24156e-14 
81 1.51461e-24 5.35044e-09 1.26064e-14 0.999579 5.13308e-76 2.29939e-42 1.25131e-06 1.78668e-24 0.000420195 3.95911e-14 
82 8.56843e-30 1.75021e-64 4.33967e-34 7.61268e-21 2.45353e-46 3.93757e-41 2.52671e-23 8.01248e-54 1 9.27996e-29 
83 5.9313e-42 1 1.47186e-128 1.60824e-22 2.44743e-80 1.53165e-35 6.81944e-19 9.40744e-22 1.27525e-25 2.57998e-78 
84 7.07203e-25 1 2.15238e-118 1.10976e-64 8.09342e-14 6.16809e-49 2.38811e-11 6.7232e-131 8.28493e-24 2.20453e-21 
85 1.47594e-27 3.43943e-16 4.9338e-35 1.3206e-08 9.92001e-67 2.24757e-30 1 9.68319e-154 3.45645e-36 4.31143e-39 
86 0.999999 5.46563e-20 4.41827e-07 4.68868e-31 1.34097e-24 1.66389e-07 1.10738e-18 3.30212e-20 7.54397e-16 2.91455e-42 
87 1.11738e-73 1.00665e-08 1.31634e-93 1.14129e-07 5.98839e-90 1 8.47171e-16 9.98582e-18 2.24245e-34 1.08474e-118 
88 2.03679e-63 7.86778e-91 1.22339e-126 1 9.79363e-25 4.67232e-45 2.29848e-26 2.49584e-13 3.15774e-88 7.09349e-71 
89 1.11281e-27 6.14879e-34 2.02322e-25 1 7.41928e-30 8.98382e-14 4.68129e-21 3.20053e-23 1.56866e-31 2.30795e-74 
90 1.32802e-27 8.94438e-34 2.02182e-25 1 7.71373e-30 1.23276e-13 4.57616e-21 2.99408e-23 1.3723e-31 2.54752e-74 
91 6.06738e-28 4.00795e-28 5.18641e-22 1 3.42719e-30 6.61244e-11 2.8086e-18 2.00797e-23 6.28054e-32 6.70133e-74 
92 6.74551e-11 4.49316e-24 5.4283e-26 1.33073e-07 6.18869e-40 1 1.52723e-15 2.7314e-115 1.43154e-08 9.26525e-60 
93 1.21405e-27 8.02977e-34 1.71979e-25 1 7.21367e-30 8.33068e-14 4.49629e-21 3.68872e-23 1.29046e-31 2.68613e-74 
94 1.1468e-27 8.8908e-34 2.10005e-25 1 8.61716e-30 1.03465e-13 5.93273e-21 4.05954e-23 1.53144e-31 3.0481e-74 
95 0.994661 0.00533697 1.53731e-06 9.82592e-29 6.43015e-18 4.84431e-20 1.41809e-20 1.65394e-139 3.25281e-07 1.86976e-26 
96 0.994662 0.00533632 1.58911e-06 1.06959e-28 7.70801e-18 5.85908e-20 1.24395e-20 1.32012e-139 4.25992e-07 2.01997e-26 
97 2.74843e-10 4.15304e-106 9.23569e-28 0.000174709 1.73565e-36 6.385e-12 0.999825 1.2412e-128 4.50155e-21 3.19324e-37 
98 1.29307e-14 1.70481e-77 1.37711e-20 0.00149985 9.06872e-33 7.31993e-12 0.9985 5.45e-126 1.82612e-21 1.14612e-32 
99 7.98529e-60 7.53008e-74 1.51096e-22 0.366455 5.35238e-29 3.12188e-16 0.633545 1.50753e-122 1.18001e-60 5.60879e-30 
100 4.15985e-50 2.52097e-78 1.5547e-22 0.000232419 1.28781e-33 2.6838e-12 0.999768 5.14653e-127 1.84956e-28 1.39844e-34 
101 9.20169e-41 1.0401e-63 4.13473e-39 2.27342e-52 3.31806e-66 2.30218e-25 1.1087e-37 4.45218e-201 1 9.41453e-48 
102 1.83021e-63 6.02974e-91 1.2519e-126 1 1.11197e-24 3.83612e-45 2.48889e-26 2.81436e-13 3.00297e-88 7.47776e-71 
103 1 3.1096e-123 2.63449e-106 5.35318e-89 5.37662e-20 5.61538e-20 1.87629e-10 4.69733e-53 1.23688e-12 9.51804e-27 
104 1.07684e-41 1.23119e-64 3.61667e-40 3.51141e-53 7.97091e-67 2.69018e-26 5.68923e-34 3.59337e-201 1 1.90029e-48 
105 0.999974 2.63165e-05 1.02811e-132 4.52954e-43 3.75234e-29 7.79252e-13 8.10882e-33 4.58827e-63 3.82329e-24 2.94239e-36 
106 1 1.34773e-36 4.44412e-76 1.9867e-34 1.92236e-44 2.96399e-52 2.00057e-26 5.03466e-120 8.77734e-42 6.96693e-63 
107 1 1.64022e-36 7.24884e-76 1.94767e-34 1.41658e-44 4.30881e-52 2.57517e-26 5.62588e-120 1.38045e-41 8.10318e-63 
108 1 1.11636e-36 7.49601e-76 1.9765e-34 1.83003e-44 3.01738e-52 3.10201e-26 4.87772e-120 9.99066e-42 8.84301e-63 
109 1 1.10862e-36 6.25285e-76 1.80155e-34 1.22271e-44 2.5914e-52 2.54265e-26 4.73296e-120 1.23165e-41 6.5034e-63 
110 1 9.61846e-37 6.46787e-76 1.75795e-34 1.69936e-44 3.01209e-52 2.4924e-26 5.02359e-120 1.1127e-41 8.68578e-63 
111 0.999976 2.44554e-05 1.52332e-132 6.12958e-43 3.47045e-29 8.19841e-13 8.8293e-33 3.18707e-63 3.95814e-24 2.23314e-36 
112 1.1488e-36 1.23409e-35 3.7961e-142 7.41134e-88 3.54227e-28 1 1.70411e-34 1.26837e-104 1.91275e-53 4.73821e-61 
113 1.09317e-36 1.36512e-35 3.74732e-142 8.15782e-88 2.71401e-28 1 2.12203e-34 1.24931e-104 1.7528e-53 3.83443e-61 
114 3.79312e-25 4.60223e-119 4.68211e-136 1.30122e-31 7.777e-40 1.20728e-52 1 3.19381e-154 5.73082e-83 1.79364e-22 
115 1.82971e-24 1.98088e-15 1.97971e-28 9.64313e-27 6.51621e-51 5.03065e-22 1.61082e-18 3.04561e-75 1 1.41223e-56 
116 1.48739e-24 2.04145e-15 1.82021e-28 9.71149e-27 5.16839e-51 4.67873e-22 1.12665e-18 2.55958e-75 1 8.8709e-57 
117 1.62829e-25 5.83546e-16 1.46303e-28 3.71889e-27 2.17174e-51 3.52058e-23 1.35018e-18 4.35614e-76 1 8.45427e-57 
118 1.82159e-25 8.18083e-16 1.13488e-28 3.27777e-27 2.75483e-51 4.06345e-23 1.25127e-18 4.84419e-76 1 8.37472e-57 
119 8.98919e-68 1.1647e-15 2.33008e-30 1.72987e-22 1.17131e-33 1 1.13353e-12 5.80063e-54 2.79161e-15 3.99486e-34 
120 2.07491e-22 6.41424e-52 1.85743e-29 0.305812 7.12141e-21 4.98927e-69 8.05281e-17 1.14137e-14 0.694188 2.15114e-73 
121 4.03996e-25 1.30224e-15 1.29278e-28 6.61383e-27 3.94606e-51 6.54692e-23 1.05409e-18 6.25862e-76 1 1.50527e-56 
122 3.93228e-25 1.24455e-15 1.62291e-28 7.39138e-27 4.78366e-51 7.69895e-23 1.28406e-18 6.72318e-76 1 1.50411e-56 
123 2.90006e-47 3.41829e-52 4.79286e-35 1.73384e-20 4.96945e-24 5.29718e-59 1 2.1575e-23 4.12194e-21 1.06707e-26 
124 1.00048e-22 3.07646e-52 1.47146e-29 0.268488 4.24289e-21 9.8674e-68 1.81919e-16 8.95322e-15 0.731512 1.36968e-73 
125 1.27885e-52 8.75448e-09 2.21202e-38 1.74041e-15 7.21541e-40 1.15907e-24 1 5.63123e-36 2.23981e-13 1.67752e-12 
126 6.21867e-41 8.17414e-52 1.94096e-40 7.90736e-23 3.3993e-20 4.80776e-25 1 6.40474e-146 1.12061e-40 3.02477e-35 
127 6.50439e-06 3.18829e-36 5.11234e-88 7.38001e-06 5.50293e-15 1.91372e-41 1.89009e-15 5.66927e-108 0.999972 1.37584e-05 
128 5.6178e-06 3.26858e-36 4.2439e-88 6.94395e-06 4.66443e-15 1.79814e-41 1.75516e-15 6.66682e-108 0.999974 1.35155e-05 
129 8.86643e-20 7.71674e-104 1.35411e-10 9.1257e-28 5.20016e-72 6.0824e-17 1 2.69433e-174 2.93265e-16 2.25512e-112 
130 8.4253e-69 4.60903e-83 1.3579e-30 1 6.63442e-27 9.5886e-93 4.40104e-15 4.4599e-154 9.80302e-68 8.50922e-117 
131 2.93041e-60 5.08914e-62 1.40964e-96 4.3171e-80 2.42295e-23 1 2.79063e-30 1.00376e-109 2.87548e-25 1.57582e-33 
132 2.62838e-09 7.83437e-12 4.2991e-32 0.981525 9.9656e-09 0.0184753 7.19789e-22 1.1796e-12 7.58149e-12 2.45022e-17 
133 8.98723e-69 4.81375e-83 1.49614e-30 1 7.02363e-27 9.13933e-93 4.78546e-15 4.71491e-154 1.00132e-67 6.73977e-117 
134 7.6901e-44 3.95455e-25 2.24825e-29 4.35058e-23 1.44346e-19 8.70216e-28 1 1.10025e-24 5.13531e-21 7.41462e-36 
135 5.7824e-20 4.13704e-104 1.06817e-10 5.06349e-28 3.76058e-72 4.61452e-17 1 3.52265e-174 2.28674e-13 1.44009e-112 
136 4.18868e-10 1.27921e-105 1.5304e-14 8.13853e-05 9.83912e-37 6.43711e-09 0.999919 4.5369e-128 1.60642e-08 2.89765e-37 
137 1.8169e-63 7.24563e-91 1.28078e-126 1 1.20371e-24 3.47327e-45 2.64141e-26 2.60518e-13 2.57124e-88 5.7444e-71 
138 2.02644e-63 6.61724e-91 1.07172e-126 1 1.06861e-24 4.03898e-45 2.15859e-26 2.54064e-13 3.15007e-88 5.79211e-71 
139 1.1766e-46 4.73846e-66 3.05073e-10 2.14334e-06 2.71849e-21 0.999998 1.70812e-19 2.49267e-36 4.79838e-17 8.26848e-24 
140 1.84799e-54 9.21415e-133 4.18214e-90 0.822193 5.88628e-21 5.64806e-92 4.60768e-21 2.36772e-133 0.177807 8.00341e-35 
141 1.71085e-54 9.57303e-133 3.84111e-90 0.827478 7.51423e-21 4.96792e-92 5.08697e-21 2.03671e-133 0.172522 6.33444e-35 
142 1.83606e-38 1.24231e-108 5.49506e-80 1.70544e-61 6.47864e-96 0.978175 5.5008e-07 0.0213892 0.000435119 5.13236e-45 
143 9.03681e-30 2.07183e-64 4.74247e-34 7.97598e-21 2.75541e-46 4.44832e-41 3.30838e-23 9.66546e-54 1 9.76936e-29 
144 7.17196e-69 4.71455e-83 1.29029e-30 1 5.22517e-27 7.99314e-93 4.12644e-15 4.6169e-154 9.15673e-68 7.58385e-117 
145 8.35956e-46 7.42151e-78 0.000550389 2.17645e-11 1.25387e-105 0.99945 1.16604e-49 7.50809e-141 2.93202e-44 5.14823e-87 
146 0.389236 3.01288e-121 1.36085e-129 8.36829e-81 4.12391e-67 0.610764 1.97173e-61 3.8969e-141 2.33036e-46 6.70364e-106 
147 0.389236 3.61863e-121 1.83886e-129 7.71369e-81 7.56249e-67 0.610764 3.8505e-61 3.4324e-141 2.75855e-46 7.18605e-106 
148 7.55158e-46 9.4e-78 0.000546731 1.89842e-11 1.27005e-105 0.999453 1.39171e-49 7.01485e-141 2.92134e-44 9.27712e-87 
149 0.389236 3.32485e-121 1.75107e-129 8.36537e-81 4.96444e-67 0.610764 1.9822e-61 4.03514e-141 2.51378e-46 5.0467e-106 
150 0.389236 3.93757e-121 8.93492e-130 9.6328e-81 3.27822e-67 0.610764 2.0633e-61 2.59425e-141 2.18383e-46 4.15912e-106 
151 0.174918 0.00513097 2.70064e-127 7.76976e-89 8.21401e-09 0.819951 9.28708e-55 3.40811e-182 2.90932e-116 6.80527e-82 
152 7.23464e-69 4.02794e-83 1.14634e-30 1 5.59721e-27 7.42348e-93 4.10251e-15 2.7961e-154 6.98854e-68 6.49759e-117 
153 7.14655e-46 8.85658e-78 0.000546744 1.60509e-11 1.51729e-105 0.999453 1.44257e-49 5.25203e-141 2.90991e-44 7.64054e-87 
154 0.389236 3.02765e-121 1.11698e-129 5.3348e-81 4.15522e-67 0.610764 1.85426e-61 3.4733e-141 1.62372e-46 5.95306e-106 
155 1.6723e-15 2.22017e-64 3.08979e-132 1 2.36185e-33 9.3866e-17 2.0222e-15 4.82479e-22 2.17543e-38 3.17563e-13 
156 0.678809 3.43887e-77 1.95107e-24 0.321191 4.37889e-36 6.41198e-20 9.39029e-12 1.79845e-129 1.63132e-17 1.4445e-37 
157 1.09722e-73 0.999653 4.10496e-16 4.20001e-08 1.99471e-37 8.14838e-36 0.000347142 7.05617e-12 1.27672e-29 1.43526e-23 
158 3.45318e-60 4.63796e-75 1.07972e-08 6.37621e-21 1.84825e-18 1.13951e-22 1 1.06142e-81 3.77912e-17 1.2057e-42 
159 8.84334e-69 4.02796e-83 1.09809e-30 1 6.80293e-27 9.99581e-93 3.89776e-15 3.21143e-154 8.95413e-68 6.72982e-117 
160 2.38106e-60 3.299e-75 1.05145e-08 4.10943e-21 1.34781e-18 9.53366e-23 1 1.06406e-81 3.39677e-17 1.57423e-42 
161 7.36832e-22 8.91424e-10 7.77613e-07 0.999999 7.55986e-25 1.5176e-23 1.18026e-18 1.76774e-21 1.47092e-15 8.56077e-23 
162 2.9741e-45 5.78246e-21 1.70211e-33 3.42649e-13 2.05396e-22 2.72857e-22 2.11455e-21 3.46932e-139 1 1.51394e-19 
163 2.68394e-60 3.56727e-75 1.03472e-08 5.86145e-21 1.57212e-18 8.74867e-23 1 1.13293e-81 2.67031e-17 1.61665e-42 
164 3.15667e-60 3.63298e-75 1.04853e-08 5.58668e-21 1.62007e-18 8.86778e-23 1 1.10563e-81 4.22315e-17 1.58547e-42 
165 5.84499e-33 8.28481e-59 2.1138e-15 0.681715 4.16166e-24 1.3991e-18 2.54143e-15 3.22963e-141 0.318285 7.30199e-83 
166 1.13219e-73 1.00433e-08 1.06805e-93 1.06891e-07 5.06556e-90 1 7.10055e-16 9.44199e-18 2.28891e-34 9.7032e-119 
167 1.8812e-15 1 1.64895e-19 1.17546e-11 1.05656e-24 1.14738e-20 7.21913e-19 1.06768e-24 4.60426e-15 1.23264e-16 
168 1.89182e-60 2.57044e-75 8.77296e-09 3.14248e-21 1.23659e-18 6.59333e-23 1 7.66323e-82 3.55284e-13 1.17837e-42 
169 6.50578e-28 3.61168e-28 6.60445e-22 1 3.65134e-30 6.24077e-11 3.07254e-18 2.0274e-23 5.56196e-32 6.48044e-74 
170 1.2753e-27 7.8933e-34 1.89119e-25 1 6.86097e-30 9.34174e-14 5.33878e-21 3.59439e-23 1.53845e-31 2.66639e-74 
171 1.17977e-14 1.27265e-77 1.42133e-20 0.00182308 9.56728e-33 6.99405e-12 0.998177 7.49594e-126 1.72672e-21 1.28389e-32 
172 7.03895e-60 6.17482e-74 1.36796e-22 0.366721 6.27945e-29 1.71935e-16 0.633279 1.30431e-122 1.24775e-60 4.97649e-30 
173 5.15895e-45 2.01997e-89 2.87436e-21 1.94859e-12 5.23884e-29 5.93258e-22 3.92787e-17 2.16079e-09 7.99635e-05 0.99992 
174 3.44198e-48 7.54282e-52 1.61902e-40 6.53845e-23 3.16884e-20 9.11116e-27 1 6.12476e-147 1.24741e-32 2.96404e-35 
175 7.62951e-38 1.06663e-35 5.54055e-142 8.78409e-88 4.92393e-28 1 8.14944e-34 9.80208e-105 1.15246e-39 6.5699e-61 
176 1.03031e-22 4.70233e-52 1.83963e-29 0.268509 5.27168e-21 1.02632e-67 2.05301e-16 1.11266e-14 0.731491 1.34145e-73 
177 8.24265e-20 7.08024e-104 1.34698e-10 8.44254e-28 5.13842e-72 4.1438e-17 1 2.92149e-174 2.94674e-16 2.25882e-112 
178 6.42873e-69 4.6382e-83 1.25644e-30 1 6.30678e-27 7.308e-93 4.0596e-15 3.76068e-154 8.20659e-68 6.58743e-117 
179 4.61822e-10 1.04041e-105 1.99754e-14 8.64066e-05 1.1095e-36 6.99291e-09 0.999914 3.46962e-128 1.56994e-08 2.69994e-37 
180 6.68134e-20 6.9191e-104 1.21487e-10 5.92729e-28 4.56548e-72 4.3023e-17 1 4.49819e-174 2.35467e-13 1.66935e-112 
181 1 1.56853e-109 1.22192e-119 5.75931e-43 1.37889e-92 1.10785e-82 2.89697e-15 5.53086e-138 1.14211e-34 4.18572e-106 
182 1.20483e-46 4.6373e-66 3.69099e-10 2.19362e-06 2.83694e-21 0.999998 1.51126e-19 2.65344e-36 5.07841e-17 9.58541e-24 
183 2.35757e-38 1.19488e-108 6.66058e-80 1.59066e-61 6.00124e-96 0.97824 5.64399e-07 0.0214055 0.000353796 4.24184e-45 
184 8.91549e-69 4.70005e-83 1.25827e-30 1 6.52681e-27 6.58357e-93 4.32485e-15 3.74741e-154 9.42158e-68 7.40989e-117 
185 1.02305e-45 9.19955e-78 0.000548368 1.92723e-11 1.38175e-105 0.999452 1.01211e-49 6.05424e-141 2.22873e-44 8.13966e-87 
186 0.174757 0.00576135 2.1497e-127 1.20929e-88 1.40822e-08 0.819482 1.36438e-54 3.08828e-182 3.1756e-116 8.53327e-82 
187 8.24634e-46 7.76047e-78 0.000548468 2.22418e-11 1.56116e-105 0.999452 1.26655e-49 6.4565e-141 2.97015e-44 6.75749e-87 
188 6.85542e-69 4.10768e-83 9.50823e-31 1 4.97227e-27 5.59102e-93 3.8182e-15 3.21592e-154 8.06658e-68 4.97293e-117 
189 1.97345e-15 2.25569e-64 2.94907e-132 1 2.46175e-33 8.00577e-17 2.60552e-15 4.48773e-22 2.69968e-38 3.17033e-13 
190 0.678644 4.05141e-77 1.81187e-24 0.321356 5.20843e-36 9.20185e-20 1.0556e-11 2.11334e-129 1.80393e-17 1.355e-37 
191 9.39137e-69 5.45641e-83 1.56907e-30 1 7.10305e-27 8.24115e-93 4.27954e-15 4.57196e-154 9.18999e-68 8.64093e-117 
192 7.88739e-22 7.67164e-10 7.8282e-07 0.999999 7.18987e-25 1.43325e-23 1.26922e-18 1.72395e-21 1.70664e-15 8.66057e-23 
193 3.58231e-45 5.825e-21 2.18905e-33 3.27299e-13 1.48377e-22 2.53704e-22 2.1158e-21 4.04681e-139 1 1.59189e-19 
194 8.31585e-69 4.29627e-83 1.18372e-30 1 5.23972e-27 8.32226e-93 4.4882e-15 3.25772e-154 9.29247e-68 6.71017e-117 
195 2.09832e-73 1.25243e-107 8.5866e-18 1 6.6518e-30 2.23357e-44 1.10306e-08 1.45972e-139 3.93326e-63 1.48448e-91 
196 1.55887e-15 1 1.43972e-19 9.51766e-12 8.00142e-25 1.06407e-20 5.32969e-19 1.15676e-24 4.39927e-15 1.07233e-16 
197 6.75752e-18 1.70802e-08 6.90417e-09 0.819014 5.29225e-28 0.000103574 2.26002e-06 4.46116e-14 0.18088 3.31836e-86 
198 2.28487e-60 3.41493e-75 9.33284e-09 5.0716e-21 1.26212e-18 8.74383e-23 1 1.12702e-81 3.88666e-13 1.28253e-42 
199 1 4.47464e-64 1.73363e-25 8.92837e-74 8.72678e-92 1.54837e-111 4.06222e-75 2.96222e-144 8.17221e-124 2.64165e-97 
200 8.43498e-43 9.98809e-63 2.56779e-69 5.88337e-41 1 1.65562e-49 4.45109e-28 5.68991e-66 5.30861e-49 2.54763e-24 
201 2.59966e-29 2.39517e-51 1 1.23299e-79 3.06607e-28 1.37026e-50 1.88578e-24 2.70468e-74 3.53719e-14 1.85879e-103 
202 5.82841e-19 5.97985e-101 5.38768e-38 1.23873e-20 1.65629e-25 1 4.57561e-15 7.35184e-33 5.46992e-39 9.77367e-27 
203 5.38457e-19 5.46413e-101 4.1522e-38 1.09416e-20 1.4816e-25 1 4.11655e-15 5.74051e-33 4.68821e-39 6.69577e-27 
204 1.22208e-103 1.17068e-158 2.83213e-137 1 7.22978e-122 1.58439e-122 2.52227e-72 7.71641e-199 2.55598e-127 1.34627e-136 
205 2.46169e-64 7.54592e-75 1 1.68852e-20 6.28378e-107 1.14915e-102 8.26494e-46 4.70811e-08 7.14484e-112 1.07609e-24 
206 3.46681e-54 1.37876e-72 3.69189e-132 1.66191e-78 3.04791e-47 0.94508 7.1098e-73 9.13094e-145 0.0549204 3.66756e-89 
207 2.18743e-54 1.02421e-72 3.76445e-132 1.65186e-78 3.9282e-47 0.945077 9.90942e-73 1.11931e-144 0.0549233 2.27515e-89 
208 6.40999e-79 5.29595e-116 5.52111e-125 0.998288 1.61855e-84 1.25429e-25 0.00171159 7.18675e-35 1.12778e-08 9.49298e-29 
209 5.24369e-109 1.47536e-84 1.80142e-84 5.84752e-69 1.76758e-124 2.16898e-126 4.99805e-98 1 7.56451e-146 1.04372e-85 
210 5.40609e-67 1.80673e-47 4.17654e-40 2.51703e-106 3.90807e-28 1.60345e-35 1.38117e-40 6.5321e-164 1.94811e-45 1 
211 4.52518e-67 2.10307e-47 3.44496e-40 2.54638e-106 3.53817e-28 1.66541e-35 8.3548e-41 6.3616e-164 1.23125e-45 1 
212 9.96833e-50 6.49522e-45 2.3466e-37 1.31954e-27 2.60432e-26 6.08933e-30 1.08995e-32 1.75049e-150 2.50681e-36 1 
213 8.79385e-50 5.46529e-45 2.49923e-37 1.07069e-27 2.65544e-26 5.83067e-30 1.01282e-32 1.36561e-150 2.77081e-36 1 
214 3.53919e-91 1.45668e-47 2.60963e-40 1.18038e-106 4.52698e-24 2.09901e-37 3.4004e-41 1.37295e-115 2.16331e-46 1 
215 3.35515e-91 1.61661e-47 2.83712e-40 1.06288e-106 4.20758e-24 2.34694e-37 4.98754e-41 1.25641e-115 2.11457e-46 1 
216 8.49625e-58 1.33033e-49 2.61363e-20 2.19003e-10 0.388614 1.84911e-28 3.54427e-32 1.93556e-21 1.96926e-52 0.611386 
217 5.6716e-38 6.36763e-74 9.2386e-46 1 6.76874e-91 2.33223e-34 4.84668e-21 1.08182e-25 1.44899e-28 5.5212e-36 
218 1.36098e-42 1.08808e-39 5.55757e-90 0.000120024 2.41847e-62 4.29781e-31 0.487864 0.0028679 9.80767e-25 0.509148 
219 6.49506e-34 2.46712e-69 3.20533e-28 1 2.07577e-103 1.00351e-67 1.1421e-16 4.61548e-152 9.97738e-65 1.81465e-116 
220 1.07902e-84 3.66385e-74 1.59748e-11 8.05515e-88 4.20114e-21 1.65607e-111 8.41348e-73 1 2.18394e-124 7.0647e-21 
221 1.27379e-13 0.00293248 1.21204e-129 0.995957 1.57773e-47 0.00110644 5.96291e-23 2.63944e-27 4.17226e-06 1.03325e-18 
222 1.31153e-22 3.17831e-71 1 7.35812e-35 8.00607e-16 6.31279e-111 2.44612e-39 6.19213e-58 1.98576e-101 1.87832e-80 
223 1.00777e-72 2.14425e-112 2.59052e-122 2.61742e-53 1 3.28656e-41 4.91493e-17 1.75697e-55 1.98714e-67 5.32593e-39 
224 3.56421e-77 1.71662e-45 1.37204e-130 8.71635e-68 1 1.10297e-44 7.80227e-72 1.36004e-59 5.35254e-112 5.89961e-43 
225 7.20894e-27 4.00586e-49 1 7.84322e-59 1.68439e-34 5.81219e-57 7.71148e-25 1.54946e-80 5.75171e-15 2.26814e-106 
226 1 2.73759e-64 1.33013e-25 7.60612e-74 6.70098e-92 1.53804e-111 3.3817e-75 3.2726e-144 5.33146e-124 1.45433e-97 
227 6.25706e-101 8.73543e-91 1 7.59743e-88 4.69604e-116 2.38701e-106 7.81327e-85 6.00358e-159 6.66073e-136 8.57788e-109 
228 0.715247 2.80962e-69 4.50733e-32 1.0371e-64 0.284753 2.47657e-22 4.06249e-22 1.52798e-54 6.07997e-70 4.935e-14 
229 2.18676e-13 2.98224e-58 1.86421e-107 1 3.48642e-43 1.34885e-87 5.97483e-15 2.52969e-09 1.25759e-68 1.14629e-103 
230 3.37067e-61 3.21937e-60 1.53612e-05 0.0800194 1.12054e-38 1.81812e-10 5.80351e-20 3.22345e-14 0.919965 3.92457e-18 
231 6.35205e-34 3.43691e-16 3.11644e-108 9.24759e-39 1.03897e-29 3.26944e-34 1 1.11939e-27 4.03239e-21 4.7908e-42 
232 3.10302e-61 3.09595e-60 1.6647e-05 0.0736534 8.18887e-39 1.99732e-10 4.51514e-20 2.15834e-14 0.92633 2.83286e-18 
233 1.46165e-14 0.870479 1.31033e-117 1.59223e-05 1.99444e-08 1.27781e-07 2.11268e-16 2.169e-120 1.08064e-49 0.129505 
234 6.86945e-13 9.08735e-50 2.48143e-13 0.130413 5.54256e-61 4.6807e-16 0.869587 1.57345e-32 4.35099e-16 5.33401e-13 
235 1 2.59408e-20 1.06633e-35 1.17145e-35 2.76187e-59 3.73262e-113 5.94969e-74 1.99407e-18 2.56647e-39 2.78004e-89 
236 2.84217e-16 1.54171e-29 0.000151353 0.999848 1.49377e-29 2.7366e-39 2.27162e-07 2.432e-17 2.47458e-18 1.65051e-84 
237 1.10506e-17 7.58123e-21 2.63554e-17 4.05426e-26 6.35037e-20 2.73324e-30 1.32612e-16 1.20582e-97 1 6.54903e-62 
238 3.80475e-109 1.04273e-84 9.45433e-85 4.38187e-69 1.32219e-124 1.73686e-126 3.90428e-98 1 5.48418e-146 8.62224e-86 
239 8.66506e-18 8.76575e-21 2.24297e-17 5.57822e-26 6.46455e-20 3.61785e-30 1.5885e-16 8.28306e-98 1 6.62155e-62 
240 8.15492e-50 4.9488e-45 2.14062e-37 1.14679e-27 2.29335e-26 5.18354e-30 9.6876e-33 1.07283e-150 2.26333e-36 1 
241 1.01863e-42 9.33899e-63 3.34093e-69 6.89192e-41 1 1.69873e-49 3.87569e-28 6.39608e-66 5.10015e-49 2.8747e-24 
242 1.87141e-47 1.1781e-128 0.498504 0.0510962 3.96471e-96 1.20214e-09 1.24854e-08 7.06629e-142 1.09581e-13 0.4504 
243 7.73142e-16 1 2.86351e-142 3.82062e-72 1.45083e-23 5.91581e-90 1.13853e-34 2.65125e-129 7.89793e-87 7.66222e-26 
244 1.20087e-15 4.62497e-89 6.06449e-50 3.0163e-18 4.83594e-111 7.28107e-07 3.86149e-22 1.91306e-180 0.999999 3.35614e-103 
245 1.37383e-15 3.90816e-89 5.06748e-50 3.37343e-18 4.24844e-111 7.06156e-07 3.34656e-22 2.025e-180 0.999999 3.27201e-103 
246 1.35239e-16 1.30682e-73 6.16263e-56 0.00192822 1.81325e-30 2.66165e-36 0.998072 3.88977e-74 4.73226e-51 3.57258e-40 
247 4.0521e-21 7.56817e-63 1.72945e-138 1.24941e-12 1.52037e-76 1.43185e-12 1 1.09403e-151 6.48496e-68 2.10648e-43 
248 4.15985e-21 9.59746e-63 1.79968e-138 1.44984e-12 1.58461e-76 1.8413e-12 1 1.21956e-151 5.83752e-68 2.86309e-43 
249 3.5364e-49 1.04847e-63 3.76848e-23 0.136208 4.37671e-15 6.49196e-19 9.76955e-15 1.54243e-131 0.863792 8.91376e-19 
250 3.07353e-06 6.80164e-92 5.30509e-123 0.998049 0.00194797 7.47327e-35 2.83574e-29 1.04338e-57 1.54921e-07 1.04771e-26 
251 2.70931e-26 3.29338e-97 1.80571e-108 1 9.91386e-25 8.96852e-31 4.0946e-26 2.99798e-43 4.77648e-27 1.41614e-12 
252 3.05168e-10 8.84749e-06 2.78468e-127 0.999991 1.16891e-07 2.99135e-14 5.44423e-14 1.18131e-22 1.54817e-11 1.12595e-13 
253 1.9782e-31 2.27256e-83 3.28344e-33 3.18534e-28 3.94916e-50 1.06602e-38 2.40106e-20 2.00758e-43 1 3.4547e-24 
254 1 4.20838e-15 3.4407e-132 1.58496e-45 5.72146e-15 7.27105e-12 3.64308e-32 7.61068e-63 4.54955e-39 1.71547e-36 
255 3.10212e-10 8.32324e-06 2.90997e-127 0.999992 1.40673e-07 2.45664e-14 5.14966e-14 9.56225e-23 1.63098e-11 1.21294e-13 
256 1.56214e-68 7.05555e-112 4.31656e-34 2.37427e-35 9.41439e-43 3.08848e-12 1 5.60398e-33 3.09896e-26 2.9145e-85 
257 4.09069e-81 8.30334e-101 4.1059e-112 1 1.66157e-27 1.0732e-22 1.46752e-35 6.53152e-143 5.57606e-80 2.66668e-73 
258 3.22683e-81 7.40299e-101 3.38426e-112 1 1.37371e-27 1.22882e-22 1.18413e-35 7.14677e-143 4.1703e-80 2.29715e-73 
259 4.65746e-81 7.01477e-101 3.94974e-112 1 1.52983e-27 1.30673e-22 1.21353e-35 6.77233e-143 3.90902e-80 2.76442e-73 
260 3.30092e-28 3.13303e-26 2.90802e-17 7.43762e-16 2.33473e-32 1.59347e-14 1 2.88968e-44 3.56577e-10 2.27537e-26 
261 8.2563e-23 2.50861e-54 3.98583e-24 1.84791e-07 7.71923e-54 3.16713e-26 1 1.24906e-156 2.32133e-11 5.07092e-24 
262 4.23028e-14 1.45254e-30 2.43688e-33 2.92204e-08 4.8048e-34 0.474933 0.525067 2.36788e-22 2.34758e-12 3.96026e-19 
263 8.1685e-34 2.88261e-69 3.52618e-28 1 2.07953e-103 1.05196e-67 1.40745e-16 4.19458e-152 1.33773e-64 1.59078e-116 
264 6.32136e-52 7.92673e-37 1.25309e-102 8.68655e-17 1.28993e-44 8.43041e-22 1.44135e-23 1.9058e-35 1.27678e-18 1 
265 3.7867e-25 4.55091e-119 5.00231e-136 1.235e-31 9.40597e-40 1.22153e-52 1 2.77649e-154 4.00116e-83 1.95933e-22 
266 1.05134e-40 1.29997e-63 4.84646e-39 2.84607e-52 3.451e-66 3.13931e-25 1.55522e-37 6.18954e-201 1 1.08312e-47 
267 1.0378e-40 1.08178e-63 3.80526e-39 2.54528e-52 3.50166e-66 2.48554e-25 9.89588e-38 4.84634e-201 1 7.62153e-48 
268 1.11932e-37 1.68354e-35 1.49862e-115 1.19832e-87 5.00759e-28 1 4.59607e-32 1.49966e-104 5.06318e-28 7.76552e-61 
269 1.1245e-52 7.2037e-09 1.52514e-38 1.40987e-15 7.11095e-40 7.11216e-25 1 6.67504e-36 2.19109e-13 1.59244e-12 
270 3.37718e-64 2.41996e-35 1.83053e-102 4.31282e-87 1.81495e-26 1 3.39615e-49 8.91879e-114 2.43134e-46 2.47129e-38 
271 9.23156e-30 1.95168e-64 4.58096e-34 8.69395e-21 3.03285e-46 4.16844e-41 3.27481e-23 9.79577e-54 1 9.61642e-29 
272 6.28664e-48 2.39104e-52 2.46168e-35 1.08335e-20 8.87333e-26 4.54709e-62 1 8.06103e-24 2.3437e-21 6.88673e-27 
273 4.26323e-60 3.51266e-62 1.22078e-96 3.60346e-80 2.02683e-23 1 2.71389e-30 1.10093e-109 2.46084e-25 1.3173e-33 
274 9.30405e-44 4.62383e-25 2.40208e-29 3.84999e-23 1.40974e-19 1.03614e-27 1 1.2832e-24 6.48316e-21 7.87215e-36 
275 6.50948e-42 1 1.92012e-128 2.72797e-22 3.21524e-80 1.28962e-35 7.36971e-19 1.05012e-21 1.38979e-25 2.10122e-78 
276 9.53605e-74 0.999654 4.7428e-16 3.92811e-08 1.79228e-37 7.58018e-36 0.000346441 6.67228e-12 1.29006e-29 1.55766e-23 
277 8.48399e-25 1 1.32479e-118 1.3122e-64 9.70958e-14 5.2633e-49 2.46465e-11 7.58411e-131 9.19418e-24 2.45563e-21 
278 5.22113e-11 4.36382e-24 5.92019e-26 1.2956e-07 6.57345e-40 1 1.42822e-15 3.00768e-115 1.57611e-08 7.88491e-60 
279 1.14975e-27 8.7389e-34 1.83924e-25 1 7.14204e-30 1.02044e-13 3.93031e-21 2.91145e-23 1.3837e-31 2.33084e-74 
280 2.32767e-26 1.4708e-97 8.48249e-35 1 4.45443e-17 6.54155e-31 2.94021e-12 4.12816e-43 4.91402e-27 1.89241e-85 
281 2.6724e-10 3.96077e-106 7.99032e-28 0.000207408 2.05569e-36 5.24098e-12 0.999793 1.09017e-128 3.78978e-21 3.73707e-37 
282 1.71675e-47 4.26821e-10 6.48822e-26 1.42057e-29 2.66545e-12 0.90545 9.79552e-23 1.69585e-66 6.08166e-09 0.0945501 
283 4.31047e-50 1.98678e-78 1.86211e-22 0.000185388 1.27864e-33 2.89641e-12 0.999815 5.37794e-127 1.60109e-28 1.42543e-34 
284 2.98534e-48 6.22152e-52 1.53775e-40 6.52477e-23 2.81975e-20 1.04859e-26 1 5.36995e-147 8.39144e-33 2.36468e-35 
285 1.18229e-37 1.49212e-35 6.57145e-142 1.0268e-87 3.88848e-28 1 1.05629e-33 9.16988e-105 1.58269e-39 6.44805e-61 
286 2.36607e-22 9.47694e-52 1.80946e-29 0.305718 8.04738e-21 5.51001e-69 9.32711e-17 1.39982e-14 0.694282 2.53962e-73 
287 8.57815e-69 4.5748e-83 1.22813e-30 1 6.26907e-27 1.01314e-92 3.97793e-15 4.15074e-154 7.20928e-68 7.64738e-117 
288 2.61322e-09 7.41179e-12 4.08616e-32 0.981434 9.66078e-09 0.0185662 6.5241e-22 1.45667e-12 7.09296e-12 2.73457e-17 
289 0.389236 3.50567e-121 1.26742e-129 8.96858e-81 6.24549e-67 0.610764 1.90476e-61 2.6362e-141 1.56238e-46 4.00268e-106 
290 2.48929e-60 3.61099e-75 1.0756e-08 5.84938e-21 2.15404e-18 7.83405e-23 1 1.01968e-81 3.3586e-17 1.40061e-42 
291 0.717259 3.5493e-69 3.95895e-32 8.08947e-65 0.282741 2.25601e-22 5.13866e-22 1.439e-54 6.40153e-70 4.91513e-14 
292 2.45682e-46 9.43439e-11 1.24797e-95 3.93281e-14 0.000169734 0.99983 2.30836e-19 2.24222e-63 6.13273e-07 6.38612e-49 
293 2.33493e-46 9.87124e-11 1.1176e-95 3.52641e-14 0.000182817 0.999817 2.05847e-19 2.62143e-63 6.13545e-07 5.30765e-49 
294 8.7967e-48 2.64663e-12 2.95502e-96 1.02142e-15 4.89395e-06 0.999993 1.90984e-18 5.28871e-65 2.08753e-06 1.07214e-50 
295 2.52927e-26 1.1904e-97 8.88625e-35 1 3.82904e-17 6.91065e-31 2.88875e-12 3.80234e-43 4.64717e-27 1.9777e-85 
296 4.57567e-31 2.07446e-09 8.60906e-13 1.78355e-27 9.84019e-100 1.12751e-06 1.2811e-15 8.392e-180 0.999999 1.52763e-09 
297 2.55967e-26 1.34102e-97 8.413e-35 1 4.38307e-17 8.96202e-31 3.64324e-12 4.30295e-43 4.91667e-27 2.86296e-85 
298 8.66488e-75 8.74991e-115 2.98624e-128 1.52814e-62 1 2.94633e-44 3.45347e-67 8.31146e-53 7.42474e-107 5.97557e-40 
299 0.123151 1.31436e-74 9.99814e-13 1.38148e-10 0.876849 6.06391e-38 9.79099e-53 5.44101e-70 2.2878e-70 8.24291e-24 
300 1.71919e-71 1.66992e-110 1.93546e-124 3.33504e-61 0.726146 1.89912e-38 1.3003e-64 5.0791e-68 3.14211e-105 0.273854 
301 7.85442e-06 6.53422e-116 2.83629e-129 1.16086e-63 0.999992 2.67314e-45 2.51656e-68 9.1354e-54 5.89296e-108 7.47992e-41 
302 1.72395e-44 8.00815e-118 6.34208e-27 1.07039e-68 0.709863 3.11206e-45 4.71778e-69 6.79315e-73 3.68368e-112 0.290137 
303 4.65578e-44 4.6899e-118 2.32727e-127 3.55842e-64 1 2.09041e-45 3.67629e-62 7.70894e-59 1.36192e-110 3.96332e-32 
304 0.027429 3.05654e-68 6.09248e-33 6.65301e-46 0.972571 6.65248e-28 2.02868e-17 1.39893e-130 3.95785e-21 9.10085e-18 
305 9.7912e-73 1.67175e-38 1.9384e-10 1.55252e-76 0.338008 0.661992 1.12116e-61 1.19879e-37 1.78482e-24 1.40621e-90 
306 3.43075e-45 1.0468e-43 9.06259e-106 8.09693e-23 0.907621 1.41451e-29 4.14593e-60 0.092379 8.55839e-26 6.82196e-28 
307 3.48893e-62 9.46154e-115 1.17523e-127 4.213e-63 1 1.39861e-44 2.40509e-44 1.54881e-52 2.3908e-95 3.96925e-32 
308 6.45816e-14 0.00952612 2.7202e-14 0.0728532 0.777612 0.139962 8.73232e-15 1.07213e-30 4.63148e-05 2.61627e-36 
309 4.34798e-44 4.0568e-118 2.20643e-127 3.16554e-64 1 1.87726e-45 2.80736e-62 7.11203e-59 1.55207e-110 5.13422e-32 
310 3.75315e-44 4.16425e-118 2.24018e-127 2.70983e-64 1 1.85121e-45 3.44298e-62 6.51237e-59 1.29711e-110 4.95703e-32 
311 1.17338e-16 1.72871e-79 8.80107e-19 2.62115e-19 1 7.62094e-41 2.38698e-36 2.72298e-51 3.4364e-100 1.00152e-37 
312 4.58924e-19 2.98233e-20 1.13353e-66 6.35608e-25 0.451263 5.27555e-29 4.21322e-30 0.548737 6.68818e-24 3.15337e-26 
313 2.08744e-29 2.04052e-51 1 7.38962e-80 2.76021e-28 7.77451e-51 1.60392e-24 2.46167e-74 2.76535e-14 1.38888e-103 
314 2.56373e-24 4.69259e-115 1.45588e-17 2.81712e-53 1 2.59814e-44 1.25981e-64 6.97775e-112 2.13227e-82 1.09669e-98 
315 0.00700515 4.2431e-74 4.64728e-22 9.37019e-25 0.992995 6.98075e-29 1.96061e-53 2.25348e-60 5.78204e-31 1.06447e-16 
316 2.12988e-24 3.19113e-115 1.21894e-17 2.45108e-53 1 2.44769e-44 8.77932e-65 6.97842e-112 2.01499e-82 1.04315e-98 
317 2.43569e-85 2.51832e-69 1 5.22579e-30 6.12147e-99 2.73402e-21 1.19107e-21 3.92362e-24 1.34503e-16 6.88009e-26 
318 0.000558324 2.19656e-45 1.71829e-10 8.57384e-13 0.737388 3.21493e-16 0.0682219 1.88974e-128 1.86521e-88 0.193832 
319 7.30562e-101 9.92171e-91 1 8.81316e-88 4.25661e-116 3.68128e-106 9.32147e-85 4.89009e-159 5.73753e-136 8.29744e-109 
320 1 4.14793e-102 4.8349e-11 4.34659e-38 1.36147e-10 1.39457e-17 7.61751e-26 7.32518e-79 7.19861e-10 1.27655e-22 
321 2.06498e-62 9.72117e-117 7.68544e-131 5.98838e-68 1 1.27952e-45 7.259e-72 9.41562e-52 1.40745e-111 8.89832e-33 
322 1 3.50903e-40 6.30158e-16 1.28799e-09 1.70847e-17 1.12155e-24 6.32773e-19 5.86903e-84 4.73656e-18 1.12246e-32 
323 1 3.26678e-40 6.01993e-16 1.38051e-09 1.5152e-17 9.32792e-26 1.04795e-18 4.89485e-84 3.50778e-17 1.32239e-32 
324 1.44456e-45 2.82823e-21 2.18452e-23 1 3.31876e-26 1.43825e-22 3.39437e-10 2.49309e-147 1.37775e-11 4.57866e-25 
325 1.08998e-09 0.258157 5.64847e-21 0.113142 4.52435e-11 0.0110047 0.308238 0.309457 1.11839e-29 7.65762e-13 
326 0.0060326 0.173255 0.331364 4.72009e-05 1.53594e-26 9.08868e-10 0.482005 4.52727e-111 0.00729587 5.6164e-27 
327 7.72798e-34 3.01394e-69 3.32381e-28 1 2.72353e-103 1.0422e-67 1.22083e-16 5.01387e-152 1.37375e-64 2.06874e-116 
328 5.03709e-61 1.06203e-73 2.89624e-09 7.31392e-22 2.05044e-19 1.19591e-23 1 2.44042e-82 6.6567e-18 3.71435e-43 
329 1 2.57292e-64 1.54726e-25 5.24018e-74 7.49449e-92 1.48431e-111 4.81043e-75 2.77895e-144 8.89972e-124 1.82086e-97 
330 6.57533e-07 1.5196e-30 6.77013e-90 0.040912 0.0153379 2.94016e-26 0.943749 3.09804e-80 2.17323e-39 1.90247e-16 
331 1.88533e-19 1.44999e-58 0.649139 0.350861 2.10396e-23 2.64516e-10 3.23745e-17 1.67763e-15 2.76224e-75 6.99794e-68 
332 2.75696e-54 1.10643e-72 3.56484e-132 1.51171e-78 3.97646e-47 0.945127 6.12957e-73 8.38789e-145 0.0548728 2.44293e-89 
333 5.43124e-12 1.46014e-92 0.0761195 2.1665e-09 5.95138e-27 0.92388 2.71822e-17 3.94333e-167 3.33227e-100 4.57742e-21 
334 4.26545e-15 4.68285e-59 2.15465e-24 0.999982 5.44345e-32 1.31999e-12 6.40299e-21 5.18871e-13 1.82661e-05 9.70754e-92 
335 5.23531e-19 6.99053e-10 4.72308e-42 1.19965e-27 1 9.38619e-27 4.71738e-49 1.16631e-42 4.01803e-26 1.49971e-56 
336 2.53061e-13 2.40993e-17 5.08679e-18 0.997392 3.4467e-18 1.14296e-34 1.10922e-19 2.85936e-20 0.0026084 3.64297e-92 
337 0.316835 3.0173e-14 5.82256e-131 0.683165 1.04938e-23 3.15095e-79 1.99507e-11 8.6176e-142 6.99633e-12 3.82245e-95 
338 1 3.05025e-104 5.50549e-135 7.35206e-31 1.03024e-24 3.60873e-38 3.79184e-44 1.01284e-188 1.3136e-10 1.23024e-116 
339 1.50459e-49 4.13457e-64 2.0341e-23 0.0998733 1.82206e-15 3.09132e-19 1.09309e-14 9.01259e-132 0.900127 2.57605e-19 
340 3.65692e-49 1.1718e-63 4.10459e-23 0.136248 3.98189e-15 8.21092e-19 8.60684e-15 1.47643e-131 0.863752 8.39884e-19 
341 1.05433e-29 7.28504e-139 0.0231145 2.61304e-19 8.01524e-13 1.15674e-27 3.06797e-29 4.3936e-05 7.55635e-46 0.976842 
342 3.74144e-21 8.31446e-63 1.19814e-138 1.12146e-12 1.05446e-76 1.56589e-12 1 9.95787e-152 6.2267e-68 1.83052e-43 
343 5.68452e-19 7.46588e-10 4.4251e-42 1.15734e-27 1 9.98929e-27 4.41426e-49 1.3845e-42 4.39814e-26 1.85997e-56 
344 0.316836 2.75053e-14 5.98549e-131 0.683164 1.2608e-23 5.19492e-79 2.21564e-11 8.89124e-142 7.34025e-12 4.08214e-95 
345 7.06117e-26 3.59863e-96 8.06349e-36 1 1.75305e-24 3.12011e-25 8.35718e-21 1.09464e-42 2.04693e-26 3.03174e-22 
346 0.000122805 2.56782e-53 0.000332702 0.30958 1.22825e-07 0.666418 3.69784e-06 6.19117e-17 0.0235433 3.20975e-12 
347 2.80273e-06 5.68226e-92 4.88642e-123 0.997804 0.00219334 8.54291e-35 3.04493e-29 1.53084e-57 1.65258e-07 7.98732e-27 
348 2.54646e-26 1.38347e-97 9.03702e-35 1 4.23921e-17 7.92415e-31 3.11889e-12 4.32125e-43 5.74119e-27 2.51189e-85 
349 4.02448e-31 2.04422e-09 8.00004e-13 1.38995e-27 1.20143e-99 1.42495e-06 1.31561e-15 7.87271e-180 0.999999 1.35162e-09 
350 1 8.91938e-79 1.01131e-25 3.67954e-44 1.57841e-25 5.71927e-29 3.24409e-32 2.0795e-29 3.25053e-27 1.4996e-29 
351 8.95488e-20 2.52831e-96 2.41375e-107 1 1.27267e-26 1.00612e-24 2.01807e-36 1.05751e-42 1.13353e-25 3.40006e-82 
352 2.67166e-46 1.04026e-10 1.25592e-95 3.2392e-14 0.000170769 0.999829 2.53709e-19 2.35913e-63 6.19836e-07 7.33057e-49 
353 1.16503e-73 1.10462e-49 8.08644e-15 1.3096e-10 0.215558 1.80841e-32 1.28413e-20 1.90144e-16 8.93791e-10 0.784442 
354 1 4.39751e-85 3.16785e-37 2.80604e-47 6.42461e-27 5.84603e-30 9.08658e-33 2.31577e-29 1.22898e-64 1.28085e-29 
355 3.64457e-24 4.12602e-115 1.90512e-17 3.5858e-53 1 4.53257e-44 1.22578e-64 1.15422e-111 2.87948e-82 1.34344e-98 
356 4.95126e-33 2.52178e-05 1.5115e-19 1.24366e-15 0.997847 3.11226e-30 1.18384e-31 3.17589e-50 9.85226e-78 0.00212773 
357 6.70321e-23 3.38271e-39 3.5616e-18 1.73465e-21 1 1.28215e-42 4.96257e-61 1.00899e-23 4.19098e-103 1.12088e-32 
358 1.36039e-68 6.68561e-112 7.97644e-34 2.43207e-35 1.0523e-42 2.07199e-12 1 4.20195e-33 2.49683e-26 3.26724e-85 
359 4.14108e-44 5.05589e-118 2.64575e-127 3.06353e-64 1 2.4854e-45 3.57112e-62 9.01717e-59 1.66533e-110 5.25173e-32 
360 3.05403e-49 6.33146e-66 7.05894e-128 3.07903e-05 0.999952 3.09409e-31 1.54446e-07 1.83444e-40 1.75356e-05 4.46064e-30 
361 2.48758e-49 5.84444e-66 6.32236e-128 2.45281e-05 0.999958 2.47686e-31 1.82854e-07 1.88785e-40 1.74571e-05 3.8404e-30 
362 2.82854e-24 4.79805e-115 1.23495e-17 3.22975e-53 1 2.97863e-44 1.36967e-64 8.52892e-112 2.48268e-82 1.36023e-98 
363 2.33803e-24 3.21152e-115 1.33469e-17 2.85637e-53 1 2.78575e-44 9.01953e-65 8.94101e-112 2.35604e-82 1.08566e-98 
364 4.13653e-44 3.88712e-118 2.49338e-127 3.35514e-64 1 2.15121e-45 3.01807e-62 7.0693e-59 1.73509e-110 5.3691e-32 
365 0.188705 4.38561e-19 1.6285e-28 5.91801e-25 0.811288 3.75209e-23 7.46637e-06 1.81601e-12 1.25929e-17 8.38829e-14 
366 3.48364e-45 1.05445e-43 6.15084e-106 9.08129e-23 0.90763 1.34907e-29 3.74061e-60 0.0923703 7.64664e-26 5.75196e-28 
367 2.16317e-13 3.02036e-46 1.10751e-44 8.21932e-45 1 1.44684e-39 5.82646e-68 3.62572e-56 1.25132e-13 1.54492e-30 
368 6.67016e-35 1.03335e-54 4.90256e-130 1 1.66451e-17 4.45496e-11 2.34692e-12 2.38099e-38 1.50862e-07 1.77061e-74 
369 2.53097e-62 7.45115e-115 7.70527e-128 3.64101e-63 1 1.04351e-44 2.19274e-44 1.4785e-52 2.36237e-95 2.77896e-32 
370 1.65914e-19 3.00533e-21 7.47795e-67 9.696e-25 0.544186 1.11646e-29 8.946e-31 0.455814 1.26497e-24 1.16098e-26 
371 1.75366e-19 4.17865e-21 7.5165e-67 8.08217e-25 0.543907 9.98877e-30 1.0035e-30 0.456093 1.46166e-24 8.42144e-27 
372 1 6.50884e-46 1.76497e-56 8.68066e-32 2.84065e-60 1.86204e-22 1.53106e-54 6.8804e-187 2.67747e-13 1.30072e-90 
373 2.40976e-24 3.70488e-115 1.75563e-17 2.83686e-53 1 3.20554e-44 1.32125e-64 1.01529e-111 2.53446e-82 1.21259e-98 
374 6.14038e-37 4.59261e-63 1 2.10349e-41 1.20264e-41 6.99588e-26 6.35706e-76 4.59184e-28 3.04384e-19 1.28656e-105 
375 1.36352e-42 3.99701e-116 2.13532e-125 3.15604e-62 1 9.01521e-44 1.85425e-60 7.00474e-57 1.48939e-108 4.3787e-32 
376 0.984032 2.12304e-08 1.20107e-05 5.20401e-40 4.9305e-30 6.23646e-09 3.20597e-38 1.39987e-25 2.64681e-65 0.0159561 
377 3.65223e-37 4.34306e-63 1 1.82799e-41 1.05851e-41 5.96857e-26 5.77848e-76 3.94174e-28 5.61707e-19 9.21431e-106 
378 0.0374794 2.23646e-63 0.00205343 3.54045e-14 3.86694e-24 0.960467 5.48121e-17 7.45174e-17 1.83279e-09 3.50369e-24 
379 7.70808e-39 6.94365e-63 1 6.86967e-41 5.29145e-41 3.58252e-25 8.09023e-35 1.15325e-27 2.39474e-24 4.98198e-105 
380 2.49774e-45 2.69876e-119 2.16924e-128 1.23222e-64 1 2.74037e-46 3.16879e-37 8.10344e-56 1.68737e-18 7.63391e-33 
381 1.3747e-60 4.52714e-114 1.83153e-22 9.57787e-65 0.821779 5.97727e-42 9.7219e-29 3.01377e-69 1.00819e-17 0.178221 
382 5.89359e-07 7.69994e-119 7.00535e-128 4.48389e-65 0.999999 5.43752e-46 5.10351e-63 1.79473e-59 2.65228e-111 1.4602e-32 
383 1.86077e-12 0.000722253 1.10723e-23 2.19011e-30 1.35285e-07 0.999278 1.78492e-23 1.01462e-16 1.27338e-26 6.63533e-53 
384 1.23805e-30 8.82458e-140 0.00753343 2.18791e-20 7.19379e-14 1.18962e-28 2.45509e-30 5.78632e-06 6.31885e-47 0.992461 
385 4.37819e-109 1.76558e-84 1.3161e-84 5.83403e-69 1.69535e-124 1.9729e-126 3.91952e-98 1 5.99076e-146 9.95709e-86 
386 0.0554505 0.00326972 0.590791 0.350489 7.61895e-26 1.68944e-25 8.87198e-11 3.45764e-30 1.73382e-09 2.76726e-08 
387 0.803111 0.19687 3.62133e-38 1.91975e-45 1.82506e-37 1.89402e-05 1.5047e-51 3.49426e-31 9.29696e-72 1.10452e-85 
388 1 3.47218e-102 4.33153e-11 4.46271e-38 1.09934e-10 1.12317e-16 7.01771e-27 9.37777e-79 8.66673e-11 1.06082e-22 
389 1 4.25465e-102 5.49861e-11 5.04282e-38 1.09373e-10 1.26641e-17 8.0694e-26 8.56647e-79 7.7153e-10 1.68085e-22 
390 1 3.80359e-40 6.27832e-16 1.4541e-09 1.59576e-17 1.2573e-25 1.17596e-18 5.43734e-84 2.79942e-17 1.31671e-32 
391 0.65104 8.70613e-54 0.348958 1.25784e-11 1.34514e-13 1.02718e-06 2.45284e-26 1.86733e-20 9.73632e-07 1.26301e-19 
392 6.37666e-11 0.402779 3.67741e-21 0.597221 3.35183e-17 6.44352e-47 6.31058e-17 1.34825e-14 2.84871e-14 4.02521e-07 
393 1.41824e-28 1.44124e-21 4.30733e-64 4.86575e-52 4.61831e-19 1.35352e-46 1 4.75038e-50 1.5694e-30 1.42535e-30 
394 1.52846e-28 1.46691e-21 5.27599e-64 5.15667e-52 3.99479e-19 1.1162e-46 1 4.59193e-50 1.6401e-30 1.18637e-30 
395 1.63015e-42 4.2515e-116 1.36914e-125 2.79107e-62 1 1.06495e-43 2.14821e-60 6.83065e-57 1.34654e-108 4.56044e-32 
396 8.88242e-81 1.44169e-55 0.615301 1.0998e-38 8.45729e-32 2.2675e-29 1.1928e-27 0.384699 2.55399e-89 3.23248e-14 
397 9.22269e-81 1.09108e-55 0.615301 1.12262e-38 6.93326e-32 2.4972e-29 1.05969e-27 0.384699 2.59845e-89 3.11049e-14 
398 2.20842e-41 3.93105e-27 9.28352e-85 0.983137 1.46972e-09 3.71181e-38 0.0168634 2.49885e-132 4.87552e-34 8.18233e-92 
399 1.86142e-73 1.34194e-22 4.51994e-96 0.591643 5.67707e-14 1.51361e-103 0.408357 1.41086e-130 6.54109e-19 2.27038e-43 
400 3.23843e-05 1.30534e-08 1.78055e-26 4.5873e-28 5.21126e-39 3.88923e-22 0.999968 4.18394e-184 6.04398e-13 1.01621e-57 
401 1.15237e-22 1.25204e-14 0.407356 5.23097e-42 7.45362e-18 0.592644 8.01856e-43 3.9099e-24 7.19101e-40 1.28494e-29 
402 5.54865e-38 5.57935e-74 7.03641e-46 1 5.26435e-91 1.81561e-34 4.77608e-21 9.66042e-26 1.85349e-28 6.24241e-36 
403 1.81323e-71 1.29144e-82 1.42449e-29 3.84075e-17 4.04394e-18 6.06453e-15 1.64357e-50 9.99109e-36 9.24622e-26 1 
404 3.82508e-36 4.94572e-32 2.23784e-21 3.78121e-46 7.22778e-29 6.71117e-18 1.59405e-24 1.01764e-146 7.52039e-12 1 
405 2.48305e-32 6.88176e-30 5.81546e-35 2.25608e-56 1 1.59099e-21 6.58917e-32 2.54078e-187 2.08966e-26 2.12382e-33 
406 1 2.22517e-157 1.79724e-140 3.4781e-97 2.21861e-120 7.15806e-121 9.68238e-86 4.07041e-191 1.00915e-134 3.12517e-39 
407 1 4.24312e-124 9.22365e-140 8.36649e-99 2.18984e-118 4.64873e-55 2.67415e-84 1.12777e-191 3.20945e-123 8.56895e-130 
408 6.02761e-22 9.0727e-14 0.501347 2.73113e-41 3.88323e-17 0.498653 4.02334e-42 2.92968e-23 2.32393e-39 4.36137e-14 
409 3.07434e-77 1.38788e-45 1.42685e-130 7.84152e-68 1 8.81687e-45 5.26033e-72 1.9949e-59 7.68089e-112 5.73381e-43 
410 3.97586e-63 9.46378e-75 1 2.09212e-28 3.33415e-99 2.56219e-104 2.05689e-65 3.30876e-09 2.88387e-119 5.51342e-106 
411 8.25787e-13 1.61324e-78 0.812865 4.96022e-10 2.37285e-07 9.50694e-11 1.76839e-17 9.32058e-07 0.187134 4.09516e-20 
412 9.2808e-65 1.21927e-70 3.37681e-52 2.32954e-14 8.90911e-48 4.17133e-96 1 3.68484e-135 2.57523e-86 5.56542e-79 
413 4.42893e-36 4.94314e-32 2.27969e-21 5.64425e-46 7.87066e-29 8.74911e-18 1.76838e-24 1.1415e-146 8.10621e-12 1 
414 1.27483e-59 1.04209e-85 1 1.4117e-44 5.39103e-44 3.64287e-50 4.14467e-16 1.5699e-191 2.92285e-24 8.3484e-22 
415 1.94755e-26 3.02652e-88 1 6.69068e-47 3.71598e-46 3.93066e-52 9.72728e-19 2.02506e-193 2.28281e-32 1.19211e-23 
416 2.70075e-64 4.46199e-39 0.957391 2.19409e-22 4.28913e-06 0.0410886 3.73401e-56 2.02644e-16 2.03341e-06 0.00151387 
417 9.11036e-43 1.02984e-62 2.95832e-69 5.6029e-41 1 1.60832e-49 3.35129e-28 6.94667e-66 4.76532e-49 2.01401e-24 
418 0.999999 3.76283e-73 5.98259e-07 1.18725e-31 2.65195e-52 1.63844e-49 1.90212e-22 4.23083e-08 2.32716e-65 5.15402e-23 
419 6.03319e-22 1.08835e-13 0.501347 3.19791e-41 5.04833e-17 0.498653 5.10626e-42 3.58384e-23 2.76664e-39 4.46248e-14 
420 1.43047e-21 2.44159e-18 4.12081e-21 4.10815e-42 0.999975 4.27823e-17 6.60629e-29 6.96319e-38 1.25404e-14 2.48171e-05 
421 2.20134e-32 5.06971e-30 5.02536e-35 1.79873e-56 1 1.38956e-21 5.82473e-32 2.03538e-187 1.88839e-26 2.01953e-33 
422 4.55784e-29 1.12659e-30 1.05641e-35 4.17082e-57 1 2.57449e-22 2.37945e-42 5.16334e-188 3.63451e-27 3.12296e-30 
423 2.22788e-57 2.0271e-09 0.989568 0.0104316 5.99342e-15 2.2917e-12 4.32915e-07 3.04735e-14 3.64094e-38 2.60645e-12 
424 1 5.08932e-64 1.99505e-25 1.08389e-73 9.15171e-92 2.23149e-111 5.87221e-75 3.71527e-144 9.14383e-124 1.72351e-97 
425 4.23475e-29 1.14778e-30 1.02183e-35 4.56879e-57 1 3.40656e-22 3.23538e-42 6.28829e-188 3.36931e-27 4.09934e-30 
426 1.08326e-22 9.95181e-15 0.407356 4.76822e-42 6.76437e-18 0.592644 7.14062e-43 4.48581e-24 7.20771e-40 1.34954e-29 
427 3.44791e-109 1.22356e-84 1.18647e-84 3.94855e-69 1.15809e-124 1.58937e-126 3.55458e-98 1 5.98202e-146 8.19846e-86 
428 4.37581e-36 6.39807e-32 2.61232e-21 5.90057e-46 8.3393e-29 6.24016e-18 1.73256e-24 1.02768e-146 7.61852e-12 1 
429 5.89474e-52 3.41733e-11 2.04139e-14 8.95535e-07 4.20011e-20 9.44058e-102 0.471744 1.03207e-30 1.63218e-17 0.528255 
430 2.25612e-18 1.10006e-112 8.42368e-16 7.44495e-33 1 5.94999e-69 4.61676e-31 4.22447e-159 3.3898e-49 3.2862e-76 
431 5.69656e-24 1.33528e-34 1.73348e-29 1 1.92128e-22 1.32632e-56 2.55146e-37 2.2537e-27 3.0584e-07 1.09167e-55 
432 8.50963e-27 6.71634e-89 1 1.43632e-47 9.19134e-47 2.62923e-33 1.33082e-20 4.59212e-194 6.16707e-33 5.05389e-24 
433 6.62407e-27 6.37169e-89 1 1.41756e-47 9.17288e-47 3.41859e-33 1.15552e-20 4.92948e-194 5.1345e-33 4.63655e-24 
434 1.39782e-21 2.70715e-18 7.95527e-21 2.60526e-42 0.999968 4.88944e-17 8.89992e-29 6.56214e-38 1.63555e-14 3.15719e-05 
435 1.78548e-32 5.08653e-30 5.04885e-35 1.75009e-56 1 1.49091e-21 4.96508e-32 1.80179e-187 1.6562e-26 1.55357e-33 
436 2.77744e-26 3.57992e-88 1 8.42913e-47 4.29857e-46 4.42154e-52 1.23005e-18 2.30198e-193 2.25024e-32 1.30544e-23 
437 1.45411e-15 3.71182e-26 1.49012e-17 1.402e-40 2.71782e-19 1.68206e-44 5.38286e-28 1.16135e-138 8.78906e-55 1 
438 6.50667e-21 4.19134e-35 3.91801e-60 5.77376e-44 1.69561e-51 4.5415e-52 3.28382e-35 4.0558e-159 1.06588e-46 1 
439 4.35092e-21 3.51717e-35 3.69017e-60 5.23799e-44 1.18328e-51 3.69256e-52 2.87551e-35 3.13906e-159 8.199e-47 1 
440 1.07938e-31 1.3245e-44 6.04535e-24 4.81383e-30 5.02753e-68 1.74861e-27 4.87602e-34 5.24194e-168 8.37048e-58 1 
441 3.10953e-36 1.25873e-43 3.263e-23 2.64087e-37 2.6937e-31 2.3925e-26 5.33719e-33 1.96215e-167 5.6388e-57 1 
442 8.28819e-20 9.67749e-35 5.21648e-59 1.00693e-42 1.91192e-68 6.7306e-44 1.46309e-32 6.16142e-159 1.12912e-49 1 
443 3.69884e-08 1.95923e-18 7.92059e-41 8.82852e-26 9.35864e-17 9.90196e-20 8.78966e-12 1.13488e-23 6.61475e-16 1 
444 4.52978e-37 4.95166e-44 2.15296e-17 2.41399e-38 2.22772e-29 3.41194e-27 2.04197e-31 1.88515e-168 1.2963e-29 1 
445 7.18524e-16 1.69604e-73 9.35284e-56 0.00361899 5.37831e-30 3.39955e-36 0.996381 6.00982e-74 1.06432e-50 5.4378e-40 
446 1.25811e-22 9.45584e-15 1.65815e-29 3.10938e-06 3.92176e-14 0.999771 0.000226027 1.52958e-15 6.87676e-29 1.52058e-08 
447 9.16672e-34 2.87658e-69 4.10501e-28 1 2.47852e-103 9.94754e-68 1.13813e-16 5.51193e-152 1.41973e-64 2.19352e-116 
448 3.32303e-35 5.23131e-17 6.29652e-111 2.55687e-40 1.37725e-28 8.76094e-36 1 8.78288e-28 5.87505e-104 1.91866e-12 
449 4.20459e-109 1.42639e-84 1.62262e-84 6.61426e-69 1.5575e-124 2.40336e-126 5.70592e-98 1 6.96021e-146 1.0508e-85 
450 4.58987e-101 8.20137e-91 1 4.6438e-88 2.50716e-116 1.98006e-106 2.93237e-85 4.22876e-159 3.41426e-136 6.2366e-109 
451 4.89523e-38 6.10627e-74 1.07516e-45 1 5.3735e-91 2.42704e-34 5.00067e-21 9.11736e-26 1.70418e-28 5.06361e-36 
452 4.19803e-64 5.35179e-75 1 2.46426e-20 5.60753e-107 1.01636e-102 8.97485e-46 5.09215e-08 6.18673e-112 2.63534e-24 
453 8.74812e-58 1.55425e-49 2.61405e-20 1.58555e-10 0.389973 1.65142e-28 2.62344e-32 2.20532e-21 1.5985e-52 0.610027 
454 4.6663e-38 6.58939e-74 9.51512e-46 1 7.18935e-91 2.14475e-34 4.00801e-21 1.13631e-25 1.25067e-28 6.2361e-36 
455 1.93494e-84 5.34077e-74 1.21715e-11 9.01167e-88 4.22646e-21 2.88544e-111 9.88361e-73 1 4.07538e-124 6.23002e-21 
456 1.111e-22 2.1515e-71 1 7.50609e-35 7.51151e-16 3.9577e-111 4.49326e-39 6.77259e-58 1.9185e-101 1.79646e-80 
457 0.715694 3.13548e-69 3.34163e-32 1.0133e-64 0.284306 2.49023e-22 5.20952e-22 2.0454e-54 7.83549e-70 4.9218e-14 
458 1 2.57419e-20 8.91437e-36 1.75348e-35 2.62199e-59 3.46218e-113 7.68989e-74 2.24501e-18 3.12069e-39 3.39748e-89 
459 9.75709e-43 9.22143e-63 2.81404e-69 6.43986e-41 1 1.76801e-49 4.88512e-28 6.43343e-66 5.59011e-49 2.70268e-24 
460 7.16036e-16 1 2.80108e-142 3.70568e-72 1.23386e-23 6.55755e-90 1.09116e-34 2.18008e-129 8.41199e-87 4.06153e-26 
461 9.38698e-101 1.22482e-90 1 9.78721e-88 5.45363e-116 2.76771e-106 7.83837e-85 4.53487e-159 5.64044e-136 8.93513e-109 
462 1 3.30718e-104 5.65419e-135 9.23191e-31 1.14102e-24 5.82503e-38 6.55194e-44 1.4595e-188 1.47677e-10 1.1343e-116 
463 1.26273e-30 8.11843e-140 0.00754787 2.76358e-20 6.26128e-14 1.65435e-28 3.05083e-30 5.81665e-06 5.06342e-47 0.992446 
464 3.79064e-109 1.59488e-84 1.74853e-84 6.85496e-69 1.54909e-124 2.4299e-126 4.82499e-98 1 6.93038e-146 1.02533e-85 
465 5.00982e-109 1.54022e-83 2.3439e-89 1.16995e-69 1.6767e-123 1.70004e-125 2.80834e-97 1 5.00413e-145 7.88494e-85 
466 1 7.21535e-124 1.34752e-139 1.39268e-98 2.85878e-118 8.98272e-55 1.74548e-84 1.83367e-191 4.09595e-123 1.78082e-129 
467 1 1.73688e-64 1.72331e-25 7.24013e-74 6.10624e-92 1.57617e-111 3.92206e-75 2.51593e-144 6.04334e-124 1.19389e-97 
468 3.83409e-109 1.21978e-84 1.54791e-84 5.76167e-69 1.31118e-124 1.76336e-126 4.35782e-98 1 6.47903e-146 9.55714e-86 
469 1.13464e-103 1.22577e-158 4.72746e-137 1 8.1745e-122 2.07382e-122 2.83626e-72 1.51806e-198 2.54766e-127 1.51463e-136 
470 1.84217e-63 6.47428e-91 1.21244e-126 1 1.01326e-24 3.85424e-45 2.80726e-26 2.43342e-13 2.72821e-88 5.38157e-71 
471 1 3.28516e-104 6.16815e-135 6.41325e-31 6.7432e-25 5.75411e-38 3.55951e-44 1.18663e-188 1.26281e-10 1.0021e-116 
472 2.43304e-29 2.62719e-51 1 1.1438e-79 3.64238e-28 1.23387e-50 2.05124e-24 3.91549e-74 4.03952e-14 2.09727e-103 
473 8.66259e-104 1.02884e-158 4.02221e-137 1 5.9527e-122 1.58299e-122 2.37407e-72 1.0113e-198 2.72847e-127 1.76539e-136 
474 5.14521e-109 2.03423e-84 1.4874e-84 5.57789e-69 1.39316e-124 1.80736e-126 4.62952e-98 1 5.33617e-146 1.04127e-85 
475 5.45395e-34 2.13612e-69 2.83408e-28 1 2.04848e-103 8.99892e-68 8.29163e-17 3.64194e-152 9.65284e-65 1.53338e-116 
476 2.91288e-77 1.76253e-45 1.51169e-130 7.32758e-68 1 9.34544e-45 6.51381e-72 1.3435e-59 6.1403e-112 4.69363e-43 
477 4.11156e-27 4.17402e-49 1 9.62566e-59 2.2496e-34 5.48439e-57 8.71991e-25 1.66622e-80 9.66939e-15 2.55535e-106 
478 6.73448e-101 7.83605e-91 1 4.75059e-88 4.79051e-116 2.3428e-106 6.62861e-85 4.2179e-159 3.05443e-136 6.70043e-109 
479 6.94787e-34 2.07627e-69 2.897e-28 1 1.53643e-103 8.92412e-68 8.43395e-17 3.74534e-152 8.41138e-65 1.60983e-116 
480 0.713333 3.31492e-69 3.63544e-32 9.49598e-65 0.286667 2.46282e-22 5.00477e-22 1.45122e-54 6.9185e-70 5.21252e-14 
481 1.0654e-29 6.62901e-139 0.0231353 2.75189e-19 6.97731e-13 9.3878e-28 3.02716e-29 4.20124e-05 7.59841e-46 0.976823 
482 1.63062e-71 1.17114e-82 1.65068e-29 2.92098e-17 3.98047e-18 6.98512e-15 1.34711e-50 9.66759e-36 1.08118e-25 1 
483 1.0095e-42 1.02573e-62 2.6712e-69 4.9008e-41 1 1.68224e-49 4.95809e-28 5.93235e-66 4.9497e-49 2.5187e-24 
484 5.23702e-38 8.34832e-74 7.93181e-46 1 6.0044e-91 2.29328e-34 3.98227e-21 1.10691e-25 1.36534e-28 5.89611e-36 
485 9.62547e-104 8.72749e-159 5.14675e-137 1 8.72778e-122 1.99304e-122 3.22513e-72 1.39839e-198 2.83309e-127 1.77235e-136 
486 6.39074e-34 2.03491e-69 2.40964e-28 1 1.79373e-103 8.3874e-68 8.79585e-17 3.79945e-152 1.03151e-64 1.43992e-116 
487 1.1381e-12 0.080104 1.81165e-13 4.92779e-11 6.41369e-32 2.90256e-08 4.75421e-09 1.2089e-70 5.66691e-22 0.919896 
488 1.46915e-09 0.00357228 0.996428 6.13254e-25 8.3367e-47 2.71713e-08 1.19195e-65 1.37602e-194 5.91276e-12 3.38811e-89 
489 3.37481e-77 2.06233e-45 1.82128e-130 8.8474e-68 1 1.1557e-44 8.76743e-72 1.94796e-59 1.00758e-111 7.38201e-43 
490 2.85448e-77 1.48802e-45 1.22603e-130 7.77549e-68 1 6.11756e-45 7.68029e-72 2.07607e-59 7.65734e-112 4.83928e-43 
491 5.65697e-91 1 2.15504e-36 2.3325e-48 2.43786e-45 8.04428e-30 5.18987e-69 4.44155e-155 5.23955e-46 5.61279e-33 
492 6.46521e-91 1 1.98164e-36 2.25985e-48 2.16124e-45 7.01521e-30 5.51355e-69 4.22286e-155 4.50764e-46 5.69841e-33 
493 1.03874e-100 8.20726e-91 1 6.6633e-88 3.71255e-116 2.94832e-106 5.62641e-85 5.136e-159 3.66212e-136 5.76041e-109 
494 1 2.78934e-64 1.68587e-25 7.37964e-74 9.11839e-92 1.7713e-111 4.18945e-75 3.61808e-144 9.3514e-124 1.46642e-97 
495 4.80021e-38 6.00425e-74 7.29267e-46 1 6.57293e-91 2.40177e-34 4.2775e-21 9.41065e-26 1.39527e-28 5.07213e-36 
496 7.76023e-43 8.97765e-63 2.45352e-69 5.00379e-41 1 1.59231e-49 2.9633e-28 5.22482e-66 3.79094e-49 2.04396e-24 
497 3.94663e-109 1.38087e-84 1.37203e-84 5.52114e-69 1.4444e-124 1.78469e-126 5.1619e-98 1 6.58725e-146 1.13869e-85 
498 5.0768e-91 1 2.10305e-36 2.37153e-48 2.89219e-45 6.74308e-30 6.20606e-69 4.47296e-155 4.16072e-46 5.38505e-33 
499 5.82227e-101 1.15614e-90 1 8.91774e-88 4.21445e-116 2.12447e-106 7.09872e-85 5.44772e-159 4.92995e-136 4.8523e-109 
500 5.85072e-38 6.98142e-74 1.04454e-45 1 6.27558e-91 2.23865e-34 4.29259e-21 8.96101e-26 1.54101e-28 5.9905e-36 
501 4.25672e-65 4.55843e-79 0.999966 1.20921e-18 3.36629e-05 3.05221e-21 1.47822e-32 3.28015e-14 4.83406e-108 1.19624e-11 
502 2.13628e-64 2.27183e-35 2.46962e-92 1.10279e-25 9.80776e-27 1 3.12376e-44 3.26972e-114 3.29791e-37 1.62779e-38 
503 1.7999e-47 1 3.89767e-21 4.75707e-63 2.11162e-21 2.9621e-25 3.37158e-20 1.35284e-157 1.21589e-13 8.32111e-23 
504 1.72433e-47 1 4.11151e-21 4.21053e-63 2.10323e-21 2.83661e-25 4.11852e-20 1.36056e-157 1.51471e-13 9.10836e-23 
505 7.11087e-101 8.07273e-91 1 8.82082e-88 3.12172e-116 2.37842e-106 8.51826e-85 5.74402e-159 3.96687e-136 7.06931e-109 
506 5.35336e-34 1.95212e-69 1.88939e-28 1 2.33437e-103 8.62092e-68 9.9872e-17 4.16486e-152 9.4692e-65 1.59989e-116 
507 4.84523e-38 6.37517e-74 7.09564e-46 1 7.64306e-91 2.67898e-34 4.97096e-21 1.04022e-25 1.56763e-28 6.30193e-36 
508 4.8576e-109 1.69945e-84 2.08312e-84 7.93094e-69 1.91471e-124 2.4496e-126 5.03249e-98 1 5.25426e-146 9.97866e-86 
509 1 3.74685e-64 1.35501e-25 5.12788e-74 5.3521e-92 9.14654e-112 3.63384e-75 2.49415e-144 1.09157e-123 1.72455e-97 
510 8.48942e-43 8.72193e-63 2.48549e-69 5.93102e-41 1 1.36372e-49 3.75169e-28 5.01041e-66 4.98194e-49 2.22832e-24 
511 6.80994e-91 1 2.8858e-36 3.11782e-48 3.06871e-45 8.05032e-30 5.57652e-69 5.01844e-155 5.03442e-46 5.203e-33 
512 7.5378e-59 1.04885e-84 1 1.212e-51 7.2596e-77 1.7882e-52 8.50516e-33 3.65889e-90 3.34013e-27 9.87075e-42 
513 3.13444e-51 1.68823e-95 1 1.42722e-42 1.70946e-30 2.29626e-39 6.69511e-59 4.87654e-31 4.09933e-14 4.97013e-96 
514 2.31323e-77 1.28118e-45 9.88721e-131 6.76621e-68 1 6.84144e-45 6.98843e-72 1.2975e-59 7.0601e-112 4.66063e-43 
515 7.59378e-49 2.55997e-40 2.40995e-132 1.35657e-73 1 2.80281e-94 2.9343e-63 1.17401e-86 4.06241e-109 3.64067e-58 
516 8.17712e-49 2.7107e-40 2.59555e-132 1.78482e-73 1 3.47042e-94 4.63621e-63 2.60722e-86 4.30532e-109 5.57433e-58 
517 8.30632e-101 1.06791e-90 1 9.19946e-88 5.26734e-116 2.66798e-106 9.20266e-85 5.90137e-159 7.78794e-136 8.48774e-109 
518 5.78411e-91 1 2.71804e-36 2.26714e-48 2.72749e-45 8.7086e-30 5.19902e-69 4.40151e-155 4.95906e-46 5.39233e-33 
519 5.64475e-34 2.2712e-69 2.77058e-28 1 2.26159e-103 1.03824e-67 9.62099e-17 4.62599e-152 9.58228e-65 1.69946e-116 
520 3.51134e-35 5.2318e-17 8.12146e-111 2.4051e-40 1.10001e-28 6.80835e-36 1 1.05674e-27 5.40778e-104 1.77076e-12 
521 3.90151e-109 1.49276e-84 1.59483e-84 5.38685e-69 1.3185e-124 2.5347e-126 4.37022e-98 1 6.35307e-146 9.30234e-86 
522 3.93782e-64 2.76929e-75 1 2.08246e-20 6.39853e-107 1.1669e-102 9.16542e-46 4.82584e-08 6.55634e-112 1.93194e-24 
523 6.01848e-38 7.57941e-74 8.36047e-46 1 5.22699e-91 2.63701e-34 4.68712e-21 9.34311e-26 1.2792e-28 5.06222e-36 
524 7.71844e-58 1.64076e-49 2.85422e-20 1.53749e-10 0.392135 1.51422e-28 3.52868e-32 1.7701e-21 1.69489e-52 0.607865 
525 2.53606e-84 2.91986e-74 1.19876e-11 1.17521e-87 2.8505e-21 2.70889e-111 1.10271e-72 1 4.37894e-124 9.02647e-21 
526 1.26622e-22 3.72863e-71 1 9.29888e-35 1.29264e-15 6.6691e-111 3.22926e-39 9.77372e-58 2.2963e-101 1.96552e-80 
527 0.717784 4.17374e-69 4.12119e-32 1.04434e-64 0.282216 2.88166e-22 6.69515e-22 1.90772e-54 8.44691e-70 4.93403e-14 
528 1 1.92398e-20 4.85615e-36 1.11093e-35 3.52674e-59 2.67632e-113 5.85213e-74 1.40609e-18 3.75884e-39 1.79754e-89 
529 9.15823e-43 9.5534e-63 2.68044e-69 5.01479e-41 1 1.3974e-49 5.25452e-28 6.29053e-66 5.57917e-49 2.51394e-24 
530 6.09956e-16 1 2.63367e-142 2.2903e-72 1.36555e-23 4.32943e-90 1.1683e-34 2.36962e-129 5.92801e-87 5.60938e-26 
531 6.88658e-101 9.7156e-91 1 7.30241e-88 3.92657e-116 2.6648e-106 7.86158e-85 5.09547e-159 4.00983e-136 7.27269e-109 
532 1 3.47228e-104 6.31572e-135 6.85762e-31 1.11839e-24 6.03661e-38 4.27418e-44 1.24174e-188 1.30089e-10 1.41905e-116 
533 1.21705e-30 6.70561e-140 0.0075836 2.16147e-20 6.51882e-14 1.57581e-28 2.81179e-30 5.67872e-06 3.94913e-47 0.992411 
534 5.3236e-109 2.00221e-84 1.44994e-84 6.70705e-69 1.27925e-124 2.5101e-126 5.64798e-98 1 7.10802e-146 9.04253e-86 
535 1 3.58605e-124 9.25533e-140 9.45735e-99 2.49165e-118 7.74068e-55 1.52153e-84 1.35956e-191 2.92989e-123 1.38357e-129 
536 1 3.42921e-64 1.53266e-25 9.10065e-74 6.68806e-92 2.60709e-111 4.60494e-75 2.26306e-144 8.78331e-124 1.92129e-97 
537 4.54224e-109 1.61525e-84 1.56715e-84 5.78452e-69 1.7619e-124 2.20516e-126 5.22235e-98 1 7.05325e-146 7.67459e-86 
538 7.50573e-104 1.12562e-158 3.01192e-137 1 6.16522e-122 1.84036e-122 3.11311e-72 1.44579e-198 2.04012e-127 1.56314e-136 
539 1.80743e-63 6.54887e-91 1.4248e-126 1 1.29135e-24 5.34744e-45 2.72885e-26 2.98546e-13 2.54801e-88 6.12182e-71 
540 1 3.06432e-104 6.97635e-135 7.48472e-31 9.51803e-25 4.34751e-38 4.83388e-44 1.10127e-188 1.4317e-10 1.10525e-116 
541 2.82406e-29 2.11961e-51 1 9.40462e-80 2.76771e-28 1.38503e-50 2.03002e-24 2.48624e-74 2.76073e-14 2.25343e-103 
542 8.82015e-104 7.75256e-159 2.80069e-137 1 4.22105e-122 1.17899e-122 2.13985e-72 7.55482e-199 2.15691e-127 1.02168e-136 
543 3.39075e-109 1.13845e-84 1.52841e-84 6.657e-69 1.33718e-124 1.82467e-126 5.17051e-98 1 4.98465e-146 6.83658e-86 
544 4.84827e-34 2.31577e-69 2.53765e-28 1 1.86392e-103 7.70051e-68 8.09051e-17 3.74385e-152 7.74603e-65 1.20682e-116 
545 3.83199e-77 1.65105e-45 1.61879e-130 8.57006e-68 1 1.05321e-44 8.36126e-72 1.8615e-59 7.75535e-112 5.14189e-43 
546 5.06199e-27 3.86896e-49 1 7.05866e-59 1.80028e-34 3.44815e-57 4.79867e-25 1.53673e-80 7.58885e-15 2.39986e-106 
547 5.5417e-101 6.67546e-91 1 9.76153e-88 4.20409e-116 2.06409e-106 6.67681e-85 4.86975e-159 4.66229e-136 7.21947e-109 
548 6.62352e-34 2.04471e-69 2.80773e-28 1 2.05655e-103 7.62282e-68 8.51547e-17 3.29323e-152 9.78568e-65 1.53649e-116 
549 0.713857 3.4193e-69 3.02815e-32 8.3367e-65 0.286143 2.0644e-22 4.93139e-22 1.45007e-54 6.07235e-70 5.03096e-14 
550 1.07391e-29 5.97287e-139 0.02311 2.58738e-19 7.82168e-13 8.30282e-28 3.02482e-29 4.30185e-05 7.25293e-46 0.976847 
551 1.79852e-71 1.085e-82 1.4905e-29 3.30516e-17 3.91356e-18 4.71814e-15 1.41301e-50 7.43884e-36 8.43333e-26 1 
552 9.06469e-43 8.82957e-63 2.72234e-69 5.14367e-41 1 1.48119e-49 4.10128e-28 5.67174e-66 5.15491e-49 2.27311e-24 
553 5.15463e-38 7.68593e-74 7.86092e-46 1 7.0815e-91 2e-34 6.28566e-21 9.35572e-26 1.48179e-28 6.19076e-36 
554 5.71442e-38 8.17306e-74 1.14695e-45 1 7.24786e-91 2.76799e-34 5.38948e-21 1.04579e-25 1.44024e-28 6.25187e-36 
555 3.89712e-109 1.35933e-84 9.9918e-85 5.11693e-69 1.4326e-124 1.89355e-126 3.68536e-98 1 7.70584e-146 7.47447e-86 
556 7.61384e-34 2.57058e-69 2.63307e-28 1 2.33051e-103 1.00765e-67 1.00917e-16 5.34017e-152 1.49388e-64 1.83579e-116 
557 5.50033e-49 2.17199e-40 2.47908e-132 1.69044e-73 1 2.78567e-94 3.58917e-63 1.86831e-86 3.36127e-109 4.61947e-58 
558 5.40051e-101 7.48918e-91 1 4.50195e-88 3.2605e-116 1.78575e-106 6.17592e-85 4.84537e-159 3.29895e-136 5.11668e-109 
559 6.87849e-91 1 3.08283e-36 2.62531e-48 3.17625e-45 8.57806e-30 6.38648e-69 5.40591e-155 4.66784e-46 4.5404e-33 
560 5.3461e-38 6.0861e-74 9.99392e-46 1 6.50094e-91 2.35105e-34 4.42778e-21 9.69387e-26 1.14726e-28 6.17924e-36 
561 3.07802e-109 1.11708e-84 1.27757e-84 4.68431e-69 1.56504e-124 2.68932e-126 4.3325e-98 1 6.12799e-146 8.53588e-86 
562 1 2.43831e-64 1.15865e-25 5.2296e-74 4.76494e-92 1.49151e-111 3.3442e-75 2.86721e-144 7.38524e-124 1.4995e-97 
563 8.86456e-43 8.21782e-63 2.46947e-69 4.712e-41 1 1.38713e-49 3.79626e-28 5.05424e-66 5.10874e-49 2.21555e-24 
564 6.82326e-91 1 2.48571e-36 2.6342e-48 2.55732e-45 8.436e-30 6.32843e-69 4.83646e-155 5.49472e-46 5.46116e-33 
565 7.31313e-49 2.30513e-40 2.23512e-132 1.74074e-73 1 3.22906e-94 3.70954e-63 1.84827e-86 3.09974e-109 3.47614e-58 
566 8.91677e-49 2.36202e-40 3.2639e-132 1.31136e-73 1 2.98379e-94 4.05883e-63 1.92819e-86 3.46758e-109 4.97063e-58 
567 6.63164e-101 8.7006e-91 1 6.97726e-88 3.90846e-116 2.43133e-106 5.89224e-85 7.15466e-159 4.15151e-136 7.82925e-109 
568 4.11541e-77 2.38616e-45 1.96136e-130 1.16177e-67 1 1.80421e-44 1.28696e-71 2.57257e-59 1.12583e-111 9.61375e-43 
569 1 2.73035e-104 6.50341e-135 7.83948e-31 1.23556e-24 6.52198e-38 3.48672e-44 1.08405e-188 1.45854e-10 1.46264e-116 
570 5.06827e-49 2.10909e-40 1.67404e-132 1.51685e-73 1 2.3583e-94 2.77661e-63 1.07289e-86 3.49388e-109 4.49179e-58 
571 5.80223e-49 1.89769e-40 1.8652e-132 1.52245e-73 1 2.70037e-94 3.18607e-63 1.52942e-86 3.30311e-109 4.31879e-58 
572 1.12293e-25 6.06744e-150 1.72492e-27 1 2.72563e-24 4.80262e-114 1.95289e-35 1.48706e-18 7.24185e-26 3.77109e-09 
573 1.19377e-15 1.2213e-73 9.66181e-56 0.00356068 6.56051e-30 2.84033e-36 0.996439 2.20592e-74 1.17624e-50 5.91987e-40 
574 3.44455e-65 4.9579e-79 0.999971 1.00128e-18 2.90781e-05 2.91437e-21 1.81483e-32 3.67673e-14 3.69667e-108 1.15806e-11 
575 2.28608e-51 1.8342e-95 1 1.46635e-42 2.15785e-30 2.8931e-39 5.61346e-59 4.04093e-31 3.56887e-14 4.75829e-96 
576 7.68601e-59 1.26528e-84 1 1.60445e-51 5.08174e-77 2.3024e-52 9.3211e-33 3.28766e-90 4.33743e-27 8.71821e-42 
577 3.4543e-77 1.54634e-45 1.36364e-130 7.46276e-68 1 9.52638e-45 7.62472e-72 1.52532e-59 6.58643e-112 5.44193e-43 
578 9.46615e-43 9.85564e-63 2.85705e-69 6.79674e-41 1 1.5668e-49 4.064e-28 6.53094e-66 4.37909e-49 2.61582e-24 
579 6.14277e-91 1 2.87722e-36 2.78822e-48 2.54062e-45 8.17278e-30 5.79923e-69 4.87168e-155 5.21913e-46 6.64775e-33 
580 8.65993e-43 7.53909e-69 1.31479e-14 3.47406e-28 0.000569577 2.76194e-11 3.03636e-06 0.625763 5.06482e-40 0.373664 
581 1 3.42504e-64 1.28657e-25 6.98513e-74 3.40673e-92 1.12299e-111 4.14025e-75 2.82103e-144 1.12365e-123 1.79479e-97 
582 7.03852e-49 2.35794e-40 2.42563e-132 1.53895e-73 1 2.85778e-94 3.70274e-63 1.54777e-86 2.42388e-109 4.81734e-58 
583 6.47631e-49 2.80032e-40 2.75186e-132 1.86391e-73 1 3.38213e-94 4.81433e-63 1.65976e-86 3.71629e-109 4.76991e-58 
584 3.79829e-06 1.55694e-05 0.999981 1.4905e-16 3.68561e-13 2.23159e-28 3.86628e-38 5.81539e-177 5.12194e-17 2.85658e-60 
585 4.93597e-38 5.94266e-74 9.27947e-46 1 5.51817e-91 2.13199e-34 4.97496e-21 8.12743e-26 1.15656e-28 5.50001e-36 
586 5.98619e-91 1 2.38946e-36 2.44231e-48 2.47939e-45 7.28409e-30 5.84202e-69 3.86312e-155 4.05131e-46 5.57526e-33 
587 7.08014e-109 2.46596e-84 2.30567e-84 8.84596e-69 2.05571e-124 2.8792e-126 6.61675e-98 1 8.67184e-146 1.49195e-85 
588 1 3.7202e-64 1.66133e-25 9.95981e-74 1.01194e-91 2.15598e-111 5.3733e-75 3.66904e-144 1.28646e-123 2.22416e-97 
589 9.26924e-43 9.0448e-63 2.86155e-69 5.63632e-41 1 1.67402e-49 4.29508e-28 6.24302e-66 4.7595e-49 2.21766e-24 
590 7.65841e-91 1 3.00662e-36 2.44206e-48 2.43779e-45 7.75018e-30 5.74677e-69 4.59964e-155 5.12078e-46 5.27803e-33 
591 5.44333e-91 1 2.32635e-36 2.51727e-48 3.01008e-45 6.93839e-30 6.98135e-69 4.25884e-155 4.37569e-46 4.62509e-33 
592 6.04147e-49 2.71816e-40 2.88177e-132 1.82104e-73 1 3.07737e-94 4.13483e-63 1.48897e-86 3.64446e-109 5.18694e-58 
593 4.87669e-49 1.58428e-40 2.23507e-132 1.56698e-73 1 2.60811e-94 3.27289e-63 1.31054e-86 3.46471e-109 4.04736e-58 
594 6.66891e-49 2.41642e-40 2.47046e-132 1.86725e-73 1 3.17866e-94 4.00738e-63 1.78204e-86 3.16693e-109 5.32242e-58 
595 8.21671e-49 3.08563e-40 2.17089e-132 1.81798e-73 1 2.8801e-94 4.66726e-63 1.92315e-86 5.32299e-109 6.7203e-58 
596 1 2.26761e-64 1.75973e-25 4.78534e-74 4.60175e-92 1.55305e-111 3.88713e-75 2.64416e-144 1.25578e-123 1.51634e-97 
597 1.03332e-15 1.77973e-108 2.96288e-31 4.34213e-46 5.07568e-79 6.54073e-101 1 5.70853e-158 5.43778e-33 7.69271e-13 
598 5.05359e-49 2.08576e-40 2.02778e-132 1.48219e-73 1 2.03708e-94 2.75273e-63 1.60139e-86 3.60768e-109 4.5142e-58 
599 8.27183e-16 1.19431e-108 2.39354e-31 3.20284e-46 4.93948e-79 6.81095e-101 1 6.15482e-158 4.21037e-33 7.07696e-13 
600 1 3.0915e-104 6.12266e-135 5.87365e-31 1.02826e-24 4.84671e-38 4.6623e-44 1.21691e-188 1.66728e-10 1.26463e-116 
601 2.48932e-09 1.61992e-55 0.759173 1.78622e-14 2.62849e-09 3.23182e-05 0.000891848 4.20952e-13 1.29179e-05 0.23989 
602 7.11811e-07 7.48509e-56 3.18701e-24 5.8269e-17 0.999946 8.39393e-17 6.47356e-29 5.19564e-84 5.02566e-32 5.30841e-05 
603 2.72386e-08 4.31748e-11 2.4225e-19 4.43257e-16 4.64602e-07 0.000293507 3.75251e-07 0.999106 1.91035e-22 0.000599558 
